894 2627
374 803
599 452
513 259
752 453
840 686
333 218
761 172
706 631
121 205
321 531
784 346
36 34
717 522
313 265
591 730
97 295
250 97
195 749
717 848
740 55
334 442
372 105
449 74
765 25
124 391
394 205
769 500
310 419
774 103
337 263
636 215
433 734
655 95
876 600
554 78
293 442
298 634
799 447
874 73
33 767
751 269
280 603
287 120
643 119
275 864
776 719
137 282
817 360
256 856
858 372
665 6
58 451
749 891
121 110
728 2
412 480
460 536
186 276
595 137
869 421
190 821
229 838
69 28
857 723
1 136
588 275
181 606
258 502
594 51
570 480
246 124
175 48
655 378
34 26
805 425
453 708
516 28
511 72
209 555
102 160
158 171
685 222
664 44
59 127
778 681
855 30
326 285
347 28
169 515
374 9
727 321
511 458
89 399
640 521
454 241
37 87
849 367
338 598
320 245
420 67
87 470
790 494
493 550
574 19
8 509
561 377
429 830
504 438
657 528
434 702
350 783
114 812
856 859
211 868
213 29
881 696
2 748
832 393
408 630
465 635
397 503
536 593
830 680
444 374
581 825
60 789
128 41
511 547
863 213
225 703
50 428
644 878
115 229
775 851
429 840
854 166
531 129
574 748
886 887
6 360
822 592
272 156
770 183
239 253
887 236
134 785
104 229
782 360
644 393
666 119
614 732
327 767
722 267
814 790
229 233
66 669
198 872
328 566
185 403
367 448
103 63
768 809
288 766
560 188
400 462
479 230
28 267
655 227
57 749
350 849
241 739
868 150
320 686
857 163
862 602
229 786
407 126
340 491
234 239
769 758
607 484
455 891
81 542
326 345
669 480
873 207
446 508
487 298
420 543
609 894
848 551
480 476
813 502
652 495
47 498
34 511
492 556
2 833
117 740
194 193
637 792
598 518
880 338
111 283
558 322
225 505
801 123
11 428
331 283
889 136
245 871
845 152
640 144
641 262
108 33
132 468
760 703
444 741
857 222
620 526
71 44
92 362
171 893
189 630
25 717
214 614
395 312
198 748
164 852
865 596
559 834
871 33
339 176
360 406
822 687
455 691
561 858
263 861
177 398
179 789
270 11
128 369
609 387
224 442
171 680
445 628
780 659
303 764
859 711
219 753
503 146
76 546
335 15
401 828
826 119
20 479
613 301
356 279
663 589
148 49
406 611
229 165
683 300
682 50
611 754
478 831
65 92
33 704
457 608
95 733
872 577
338 216
837 269
530 17
70 291
515 178
708 316
720 90
369 12
560 537
227 186
119 525
236 590
815 863
211 619
564 605
68 876
306 211
440 395
556 380
265 662
761 151
544 438
266 254
159 137
489 578
864 626
222 413
632 89
189 484
438 725
40 345
404 471
25 427
321 186
217 428
537 256
445 558
262 684
375 742
270 825
801 660
217 695
658 887
626 813
518 710
850 88
525 229
194 129
270 737
794 366
117 775
867 516
481 193
462 400
484 842
730 475
592 456
530 189
778 312
119 78
671 813
804 757
695 358
664 533
495 849
318 271
583 155
291 875
753 692
499 716
371 643
9 132
47 580
569 521
807 78
14 805
80 612
655 170
141 358
414 540
381 727
679 607
611 560
24 493
409 419
545 20
765 6
215 592
848 163
477 447
261 754
254 179
34 300
787 269
865 672
79 268
584 311
417 730
144 126
273 414
609 273
183 354
884 800
5 660
106 361
160 745
451 487
219 579
826 591
95 285
315 84
80 746
861 28
219 423
420 236
545 705
151 684
161 661
365 664
635 871
406 753
466 647
857 704
533 176
471 801
790 156
385 747
173 555
781 865
121 752
345 159
554 301
438 250
422 608
391 199
889 832
655 626
362 160
473 566
404 346
209 585
328 95
297 497
873 485
124 780
360 602
18 589
220 324
84 339
295 282
634 285
445 479
552 8
401 342
865 412
539 543
403 256
6 529
888 416
562 225
464 60
230 884
765 386
710 696
306 562
255 222
349 752
81 687
340 312
199 657
290 715
375 44
433 432
568 341
301 358
866 755
398 325
613 816
526 466
621 485
781 328
199 734
627 57
311 288
222 734
885 262
151 103
875 861
806 583
454 296
739 544
614 522
580 654
228 59
374 14
267 279
58 45
684 604
24 501
460 547
55 221
129 753
545 334
632 516
156 46
247 602
827 29
666 879
519 707
521 32
537 755
775 288
672 180
600 401
340 479
660 491
878 859
661 329
419 850
98 281
872 625
230 314
396 488
514 263
736 411
256 104
369 188
21 603
374 613
698 4
239 100
97 797
704 296
478 711
100 640
467 584
747 138
730 206
750 133
96 24
386 468
408 132
480 446
717 10
4 715
484 198
307 156
64 597
176 746
466 793
442 293
23 832
85 568
796 155
802 206
366 298
22 855
4 294
758 45
724 373
814 601
691 689
175 746
342 708
881 99
866 527
387 455
62 711
377 700
417 323
236 129
679 844
205 292
812 204
480 850
580 763
372 800
122 232
450 118
185 259
137 685
470 492
515 810
771 436
441 730
319 20
190 426
851 270
599 379
303 883
161 747
1 545
772 477
757 697
540 286
194 277
626 730
254 700
478 173
359 706
684 576
630 347
300 748
681 63
738 485
761 726
798 44
782 234
863 389
665 761
349 864
66 748
92 807
553 134
113 324
166 568
282 792
638 287
125 571
347 609
243 381
338 888
546 555
511 855
566 780
497 250
829 217
6 881
616 197
225 195
563 510
493 765
177 485
529 584
396 52
879 855
18 514
358 824
871 807
321 293
341 357
696 791
811 70
700 574
335 182
635 321
213 480
64 14
147 283
776 648
767 469
805 200
3 66
116 182
545 848
467 17
802 779
234 658
473 736
865 166
797 79
102 271
193 737
532 569
111 567
438 374
95 868
614 865
563 29
462 135
138 18
340 42
359 382
325 751
159 440
517 534
148 402
83 191
193 472
15 212
539 454
421 819
541 364
543 152
229 821
658 456
508 295
398 887
698 268
720 647
121 330
336 811
378 646
887 415
157 382
711 518
519 613
597 38
663 864
805 105
271 214
883 841
773 715
647 396
854 783
525 293
176 311
677 404
881 758
58 593
80 472
708 797
105 827
382 757
880 772
754 805
494 743
407 675
817 248
428 740
547 412
624 884
470 427
474 493
66 437
369 591
336 262
784 644
489 867
327 391
292 880
703 248
251 169
22 578
255 827
33 660
208 574
371 384
261 417
430 700
94 67
166 380
579 450
65 772
15 776
824 546
570 10
520 368
1 219
883 708
627 571
613 756
797 631
52 322
569 344
702 812
28 475
462 293
501 219
70 832
862 188
439 64
886 637
872 710
466 619
567 307
367 290
591 441
495 276
812 442
7 397
763 83
391 114
610 287
23 181
274 402
202 125
577 235
741 674
145 337
176 427
394 510
712 333
434 793
665 93
572 668
578 247
634 264
862 760
61 156
385 74
391 218
193 887
233 885
87 445
677 114
806 149
535 372
684 671
171 628
48 270
382 492
761 639
859 231
704 90
820 250
303 534
783 792
54 205
662 534
666 605
520 608
210 122
870 355
397 744
493 308
718 290
821 406
609 433
400 441
333 284
653 83
720 166
69 466
774 632
648 487
740 629
559 718
229 725
785 50
113 220
166 38
276 738
613 647
712 862
88 355
585 731
363 734
306 642
808 11
42 620
230 599
194 433
655 137
517 168
454 714
767 751
55 116
187 842
83 448
283 223
451 251
252 760
662 770
665 81
222 789
81 679
388 805
499 231
65 27
66 884
655 682
838 766
517 475
416 146
121 343
263 756
486 434
14 383
610 460
628 255
170 12
685 784
563 34
416 479
788 562
42 150
720 365
331 422
205 235
5 478
337 360
635 65
637 882
295 868
794 133
671 729
729 53
584 347
508 697
92 312
112 17
37 489
225 588
874 358
60 752
327 544
830 83
464 728
876 238
859 58
71 256
735 809
701 478
756 674
264 223
85 105
470 583
426 585
607 830
578 753
561 82
314 876
857 548
162 511
169 630
403 613
80 566
724 188
284 507
821 195
554 265
75 877
833 342
549 562
15 319
651 783
799 501
780 745
434 266
437 506
95 754
153 773
600 527
86 558
877 830
363 257
219 516
294 881
79 709
559 207
689 804
104 162
415 711
697 415
240 616
684 729
230 23
105 708
877 531
337 806
339 246
339 509
838 28
198 865
490 422
26 501
372 808
699 685
177 782
152 299
811 75
465 810
45 441
546 702
35 616
312 567
259 80
681 890
694 409
80 456
432 38
405 130
873 298
653 476
638 234
50 627
770 239
110 116
37 316
323 169
442 787
631 466
780 690
808 384
683 125
22 51
357 123
693 774
452 575
569 707
495 493
647 623
666 524
546 213
332 190
762 173
254 118
784 839
514 27
734 801
435 658
147 243
703 595
709 499
243 638
773 252
59 649
303 365
765 658
604 382
372 794
329 309
152 633
282 552
209 632
356 764
751 37
726 106
411 526
816 118
730 349
683 67
578 300
389 534
621 650
197 40
152 28
812 653
446 727
687 469
505 108
748 216
460 445
135 309
400 853
142 308
484 96
714 171
550 317
538 579
795 883
560 407
325 512
278 12
870 617
240 24
872 24
211 28
504 18
20 480
466 50
640 200
252 345
37 521
593 168
388 19
432 125
359 455
326 560
311 693
438 39
746 649
242 498
760 33
631 699
245 551
853 792
622 316
626 332
19 829
574 244
136 426
337 660
209 321
250 72
640 389
398 437
695 673
704 226
228 330
802 252
857 493
247 352
450 847
823 711
735 170
259 271
222 641
794 270
708 773
195 362
507 76
163 648
118 43
467 353
175 591
106 265
215 740
513 221
687 638
561 235
374 496
891 710
216 804
733 557
347 581
645 22
131 570
691 241
736 628
402 792
211 812
840 562
40 184
145 720
108 408
330 348
870 487
232 834
672 559
322 114
784 510
398 391
736 338
442 680
370 189
599 821
599 347
657 123
243 680
501 385
712 810
603 454
859 653
329 528
684 304
99 784
582 868
435 92
866 201
42 461
579 254
812 141
359 208
236 541
38 145
540 755
706 336
736 600
531 573
567 267
319 367
888 590
685 700
501 815
605 463
201 582
420 125
223 811
798 291
856 294
345 697
831 454
622 762
479 153
479 340
588 369
600 352
656 210
498 878
475 622
557 217
478 745
83 785
537 482
150 832
154 850
14 80
401 125
681 392
629 450
858 593
413 387
380 813
273 59
603 690
153 267
561 585
746 817
286 185
383 177
293 334
495 13
262 429
837 23
640 162
695 324
607 230
311 293
349 146
696 487
334 638
336 105
139 3
324 13
769 371
558 841
483 676
249 348
52 390
416 160
329 833
537 722
32 237
77 783
758 784
671 891
33 358
692 646
452 376
492 701
845 266
866 68
812 597
49 614
640 185
421 147
774 515
739 319
432 595
400 402
128 380
183 211
204 884
170 235
745 719
677 641
450 446
485 466
507 102
700 847
113 310
351 884
703 483
689 507
675 814
552 589
193 495
740 36
566 615
456 615
492 144
683 652
207 250
62 134
203 270
180 280
255 206
295 871
280 137
740 858
766 770
466 625
494 134
608 29
647 534
183 345
576 118
76 475
12 218
415 720
804 78
641 884
433 144
540 861
615 710
402 82
533 874
588 574
810 512
633 616
639 93
87 703
411 79
13 64
702 738
740 78
800 208
358 87
146 501
233 8
813 566
251 693
748 13
235 425
309 29
793 570
764 206
156 538
695 473
181 526
848 856
169 206
373 822
175 96
875 35
754 467
498 545
167 177
207 836
326 39
55 657
402 463
649 3
834 752
731 196
684 361
629 685
775 834
830 614
709 804
530 716
731 117
166 670
650 696
668 15
797 567
180 100
128 605
330 521
220 312
437 814
795 577
381 369
893 724
201 32
236 408
456 457
719 647
351 34
43 885
706 664
246 193
315 205
86 768
470 766
235 80
182 162
664 18
331 62
114 847
4 264
82 603
212 192
842 532
242 712
758 223
414 565
536 262
520 188
867 629
7 292
743 595
176 181
840 455
785 119
15 740
635 577
411 309
88 572
382 477
495 166
352 144
559 50
124 202
376 790
726 577
269 373
592 779
737 291
886 854
834 840
175 127
329 784
610 739
38 269
701 129
633 40
300 374
195 88
325 831
474 385
37 518
593 189
497 864
556 652
652 851
464 769
139 360
489 799
399 516
573 499
477 116
12 22
802 434
876 205
273 544
348 323
422 387
685 497
375 570
304 340
235 364
660 270
367 86
166 786
759 287
635 344
52 608
400 854
864 491
96 394
575 628
778 669
504 640
411 259
876 514
842 446
588 359
372 289
782 108
859 721
623 103
407 249
720 520
459 131
632 633
541 65
745 528
839 758
204 213
59 759
134 231
670 398
817 874
269 613
220 501
594 637
457 91
277 106
391 605
855 216
238 202
385 652
575 851
407 701
564 769
563 827
340 203
233 586
586 565
577 619
550 97
725 216
543 417
750 208
276 351
868 187
742 771
584 445
507 478
625 90
641 64
442 505
130 572
189 550
23 595
547 77
866 861
385 210
507 647
359 843
88 416
112 81
331 836
409 18
691 49
567 841
805 596
245 647
636 281
806 424
714 520
236 180
399 536
346 660
55 625
59 626
171 649
211 760
781 113
40 443
497 110
521 296
6 229
596 80
651 16
37 734
564 791
670 666
322 572
534 154
149 291
225 210
587 249
18 692
404 36
453 176
707 150
672 148
637 670
68 143
588 741
700 610
464 473
320 382
265 723
735 558
658 42
310 675
164 423
892 348
663 394
646 198
297 66
688 456
263 750
31 637
329 830
517 736
12 609
509 491
873 621
434 633
493 313
658 610
739 884
462 716
283 202
690 851
858 676
234 154
76 681
366 40
688 368
725 410
411 763
50 568
167 851
284 410
256 54
51 302
878 417
240 341
573 483
466 161
305 229
822 258
132 431
23 200
27 198
421 43
823 603
2 654
811 115
813 214
788 708
121 766
567 828
698 573
437 701
76 83
462 250
158 164
641 299
270 87
627 195
94 379
283 216
782 178
359 24
566 208
436 576
418 384
607 717
441 302
424 390
374 767
710 432
444 790
728 804
693 393
750 15
199 255
295 699
741 90
424 48
389 360
816 879
892 146
570 55
441 556
704 817
210 688
136 595
193 83
290 165
92 249
47 610
599 17
474 297
594 38
333 808
134 470
192 329
709 609
874 381
140 566
586 137
183 496
336 239
851 602
709 77
252 406
247 338
619 781
694 290
568 701
382 885
697 799
21 759
524 813
311 245
782 47
181 262
257 672
168 346
358 811
604 202
70 353
368 311
762 465
359 438
380 25
515 846
1 159
149 596
645 575
761 228
300 544
474 863
860 386
188 173
761 85
246 42
30 358
734 303
666 448
188 471
27 492
688 823
672 428
716 436
8 602
460 675
851 53
600 499
396 187
732 317
236 314
643 138
827 633
662 239
705 325
694 865
806 48
607 801
336 229
180 545
94 113
408 770
77 262
607 189
295 129
725 162
88 868
645 86
761 579
281 764
211 149
449 213
18 66
399 20
572 170
114 78
387 350
303 594
309 332
310 330
869 351
414 308
465 7
550 576
223 214
485 719
775 240
375 844
893 836
587 371
109 566
476 351
314 91
828 798
547 379
849 876
407 517
785 883
440 209
282 700
46 443
283 849
345 609
642 66
292 863
741 451
175 343
231 858
344 284
41 348
796 493
368 197
235 658
825 598
308 750
94 219
96 731
795 788
137 15
106 838
13 314
217 300
255 300
628 711
439 96
352 74
867 166
870 763
466 62
430 424
71 334
348 62
4 261
579 820
319 785
2 724
659 441
142 399
533 464
810 605
665 771
854 276
32 128
68 649
870 24
364 45
716 218
572 764
149 738
240 50
633 506
692 757
318 552
50 284
18 373
184 117
517 296
421 387
558 572
373 501
428 315
620 858
768 627
566 442
258 301
850 796
532 493
371 125
317 9
664 181
570 293
383 343
423 267
425 627
762 883
211 751
780 387
621 822
34 659
26 867
227 373
466 48
413 599
195 668
542 29
161 284
808 262
510 185
221 335
738 91
301 311
600 786
603 526
177 583
336 717
431 779
254 13
35 356
693 54
326 805
501 703
239 524
628 26
573 679
153 292
597 758
746 720
691 442
804 635
433 553
153 559
80 761
559 869
729 156
876 21
89 381
245 66
401 151
554 87
216 557
630 490
246 483
690 160
347 889
324 520
290 255
754 398
316 680
830 668
137 325
802 335
89 469
508 167
275 181
409 580
434 494
625 276
588 664
440 453
811 865
177 580
49 781
359 503
731 54
80 798
817 545
673 292
681 809
359 68
694 228
517 800
631 568
63 799
542 397
309 443
129 378
598 95
59 249
300 773
428 287
711 816
342 683
91 127
15 126
367 657
705 802
463 598
250 759
622 356
125 788
453 781
97 197
522 110
183 2
855 230
785 366
532 59
185 797
780 59
153 196
669 126
428 864
625 760
234 654
368 218
465 315
726 661
822 852
163 12
774 97
618 146
446 860
840 360
824 877
130 600
720 275
387 270
25 535
394 484
50 569
417 282
700 765
374 541
68 610
236 73
383 796
591 283
689 713
834 402
601 389
398 782
379 651
554 160
890 839
83 311
49 816
606 86
37 677
78 51
704 494
362 878
145 780
314 848
5 861
544 92
249 202
195 812
270 624
327 3
550 555
383 179
702 599
850 858
229 111
488 594
362 512
492 727
208 747
27 289
765 414
395 415
808 554
106 828
849 472
815 616
889 116
381 660
398 668
458 254
371 358
816 643
818 155
529 257
71 709
607 535
348 443
668 858
723 106
547 312
33 469
180 823
380 4
146 588
866 638
853 297
619 346
568 695
788 210
387 174
395 651
590 551
761 384
742 247
524 318
125 698
620 778
378 621
120 465
416 466
751 683
809 720
679 709
210 245
598 74
284 729
213 24
288 193
126 492
751 438
330 836
223 777
355 532
763 557
621 870
451 575
875 634
767 109
417 294
320 199
607 835
629 76
422 506
25 502
840 155
405 760
388 674
67 418
657 627
485 554
380 336
399 692
256 600
77 656
135 158
47 840
145 379
519 308
65 566
891 632
362 358
749 634
437 510
518 57
702 426
760 429
667 766
523 792
778 722
760 865
823 260
57 203
27 82
546 340
177 20
340 704
108 658
515 809
536 716
557 308
155 797
635 700
13 609
657 72
783 77
418 306
276 641
889 423
816 833
139 33
46 622
218 39
408 324
121 136
383 597
451 96
754 4
752 73
336 288
136 221
211 493
149 161
272 295
347 535
53 35
442 155
83 167
780 524
570 821
344 271
661 47
594 233
648 284
457 142
63 53
746 611
357 157
473 222
772 104
671 689
162 579
236 11
812 666
681 357
75 722
866 142
399 382
598 424
584 593
272 645
396 759
677 55
327 744
131 610
278 759
67 813
196 591
72 629
734 829
290 823
6 342
871 470
530 596
584 783
418 688
271 86
455 213
420 841
405 865
262 42
67 414
54 839
681 36
385 42
108 833
286 860
274 517
704 876
284 308
396 48
271 46
121 708
729 404
164 849
831 504
851 99
210 498
507 348
567 466
823 153
878 555
240 262
129 888
828 369
448 589
200 435
8 79
887 493
780 835
793 645
117 354
138 399
620 196
16 90
520 13
667 797
262 467
814 92
318 193
817 742
568 220
404 715
132 141
374 168
599 289
288 131
569 246
128 834
576 726
630 409
552 494
449 333
487 103
775 156
666 525
316 269
688 302
138 438
211 596
837 189
31 321
569 29
447 602
247 617
476 636
129 391
332 650
683 242
117 397
805 230
146 88
457 72
629 648
523 279
191 109
85 37
786 8
699 196
264 354
492 870
598 348
108 168
91 96
189 159
701 402
3 483
170 458
272 253
352 809
843 602
661 720
41 882
709 158
551 687
256 505
795 287
451 242
336 183
335 604
124 257
403 7
453 150
150 551
536 363
466 298
238 759
631 868
562 685
28 369
82 882
611 200
248 813
707 147
447 148
837 540
325 162
788 48
425 724
407 145
145 263
322 884
594 853
45 383
266 547
175 892
730 569
570 430
307 665
366 515
556 617
409 343
155 256
721 116
243 783
636 846
68 24
585 434
108 554
287 830
310 245
511 257
39 468
228 838
302 894
377 498
782 388
382 637
535 259
457 656
222 607
317 697
30 568
658 202
821 654
788 87
347 225
186 244
205 696
131 557
79 355
410 3
286 331
667 540
559 495
673 130
138 680
111 350
585 255
594 59
103 575
341 272
417 583
549 278
807 445
440 341
224 764
499 511
544 181
571 147
611 296
30 505
802 398
235 716
128 828
312 254
577 300
499 29
504 539
565 546
469 670
121 764
430 811
144 811
163 428
184 604
310 699
276 194
831 869
415 824
15 295
843 376
459 627
852 250
144 516
143 131
492 44
386 10
191 183
536 630
692 530
288 744
788 270
753 548
791 787
260 508
150 631
123 761
713 796
19 111
383 758
259 700
134 620
854 650
375 472
783 327
894 667
825 265
756 344
613 241
578 53
179 482
509 45
75 600
54 622
499 692
761 73
373 147
604 67
345 324
650 274
832 593
100 250
448 48
820 211
306 776
346 291
854 292
166 398
120 553
83 348
714 134
399 138
807 313
297 350
429 766
232 27
803 27
141 608
20 332
539 398
758 269
742 857
232 90
275 707
171 370
9 38
742 560
448 55
339 149
712 483
465 459
142 319
19 125
117 477
796 776
853 329
546 789
361 478
414 336
718 841
458 310
828 710
243 277
580 874
872 419
485 779
622 275
858 794
56 357
848 444
689 409
653 680
710 561
362 835
91 886
845 139
761 19
222 149
508 232
317 804
780 534
106 585
487 244
571 180
268 338
829 286
866 520
193 36
283 749
525 806
759 51
113 826
404 527
777 268
748 69
73 580
42 776
50 716
554 365
420 836
574 872
153 186
250 586
52 655
420 171
500 473
9 628
139 517
613 672
377 357
464 601
391 637
567 57
272 276
429 634
301 837
595 443
234 821
796 799
866 824
58 269
393 807
232 345
858 888
16 304
342 632
787 38
247 206
527 40
419 740
666 313
375 255
766 622
749 25
288 659
31 815
167 644
170 859
869 501
471 443
599 285
512 643
822 96
697 759
295 288
318 643
373 481
659 581
608 870
38 215
170 544
580 65
507 311
275 518
2 850
173 837
544 423
726 580
674 566
99 134
123 244
766 736
730 449
368 130
841 595
401 718
310 830
560 5
762 506
764 490
655 75
307 334
492 536
36 333
18 144
24 856
519 272
349 845
43 46
155 616
708 737
90 525
508 888
654 219
553 288
333 142
831 403
836 59
855 368
491 436
26 467
445 848
650 582
628 383
663 157
574 193
43 150
668 328
870 579
359 458
285 377
2 804
222 269
833 184
502 13
177 266
513 336
373 379
78 712
540 842
453 547
789 441
892 508
258 435
77 717
61 115
559 244
463 382
156 681
222 190
546 250
487 14
322 78
558 197
381 808
844 589
494 196
847 149
193 18
599 99
132 697
437 300
275 65
191 253
799 360
861 628
395 239
109 53
717 491
57 874
444 235
301 302
268 620
822 293
474 866
229 765
268 707
450 762
26 379
881 371
772 51
494 190
460 519
760 592
27 723
174 749
747 631
808 359
155 192
781 705
428 879
624 554
803 310
862 642
884 513
556 653
579 41
805 348
346 38
882 833
442 850
210 867
174 645
854 310
599 691
576 644
498 713
612 194
524 285
817 688
106 726
584 645
547 539
489 396
532 173
534 153
422 61
80 164
870 668
293 459
581 749
32 455
179 207
161 872
757 715
369 717
449 884
