893 1018
868 477
712 409
816 168
140 756
431 855
437 577
701 276
640 338
183 322
875 800
749 700
193 459
458 591
447 865
440 647
460 347
569 727
238 265
419 874
866 318
666 387
280 634
34 708
242 28
533 304
730 688
623 689
530 805
654 317
670 588
746 102
733 690
694 184
458 145
724 794
793 18
271 223
776 255
747 96
550 827
779 657
885 650
265 159
845 798
28 858
322 718
479 544
616 827
476 19
496 300
585 442
408 702
434 781
410 385
643 672
472 667
218 549
453 93
527 774
106 366
426 635
26 633
629 400
628 239
168 496
343 566
361 807
875 514
18 169
583 795
782 13
314 220
794 511
109 775
472 375
520 368
384 215
615 485
573 593
278 473
781 226
842 292
214 365
761 863
504 209
305 95
512 145
297 413
745 747
591 194
498 809
613 635
204 586
728 800
655 254
548 384
295 366
202 254
207 504
82 265
720 735
347 655
725 796
756 692
672 498
299 93
217 32
423 533
127 184
681 575
662 810
220 216
673 802
472 382
496 459
367 525
649 865
838 797
792 508
173 46
710 266
793 596
634 447
842 27
219 875
37 465
817 886
274 267
290 602
758 419
405 825
162 253
295 128
48 543
139 145
300 205
634 547
614 138
409 230
816 667
661 47
626 137
323 445
291 113
213 622
91 667
754 770
41 482
482 91
61 564
667 153
819 507
250 777
789 323
377 314
626 559
324 187
241 662
759 699
177 475
512 413
487 55
369 857
892 453
736 258
557 56
177 261
891 696
227 586
298 396
621 94
787 386
401 22
615 799
476 187
678 790
126 114
436 122
527 758
72 792
39 47
103 19
671 435
807 513
627 635
148 682
751 349
660 841
535 762
735 537
786 62
255 294
283 193
543 296
640 890
470 571
235 540
12 396
200 180
136 649
673 709
864 560
739 350
253 600
175 68
297 78
274 652
582 422
407 872
242 59
658 847
16 352
790 7
213 197
616 345
490 553
356 757
852 137
615 477
722 267
369 388
137 391
723 370
604 881
717 591
765 693
472 719
852 126
397 134
860 290
613 303
76 497
267 315
135 874
295 445
202 131
578 740
596 794
463 229
268 737
289 876
223 714
687 3
110 57
343 40
519 498
3 347
289 114
217 461
277 223
414 63
869 886
318 447
433 463
499 779
60 242
136 141
580 115
380 880
826 887
289 323
812 172
363 67
272 123
228 377
46 31
388 483
757 555
423 182
699 681
701 645
689 837
573 751
345 868
890 481
574 252
235 511
797 683
263 528
377 347
630 487
661 432
868 312
694 551
722 695
698 696
131 240
11 302
188 663
169 502
517 589
549 248
95 593
825 26
262 859
357 788
28 788
480 708
279 85
863 381
38 350
383 53
87 582
326 654
471 276
810 165
330 470
86 283
116 81
699 882
485 39
454 212
15 477
470 550
114 136
515 433
43 450
392 847
473 887
822 25
619 190
699 757
118 303
558 305
356 781
736 710
314 133
600 589
526 429
481 522
523 114
652 9
620 292
4 721
323 216
780 258
123 571
230 146
834 284
573 521
524 487
280 848
851 290
755 684
676 790
847 850
538 519
318 108
203 466
153 407
709 680
778 203
295 527
787 858
830 322
93 106
822 16
133 127
840 253
377 876
69 891
630 92
267 725
272 301
602 556
568 191
253 565
546 103
464 358
167 559
248 423
488 364
463 542
707 65
130 779
444 166
315 103
241 376
683 353
838 311
189 760
411 546
480 893
478 585
218 889
563 373
311 292
625 101
218 405
391 106
485 208
39 673
292 293
874 592
344 763
187 12
168 84
866 23
515 447
110 234
332 254
55 812
231 171
349 580
876 156
174 87
6 104
98 393
633 709
79 94
383 805
698 867
580 238
478 381
513 879
424 777
38 770
729 289
171 280
629 551
203 556
716 264
29 785
357 420
678 754
704 559
392 846
769 874
763 805
389 347
282 739
584 362
550 821
256 881
361 338
139 628
27 575
776 54
156 277
4 481
102 66
58 661
872 112
432 101
272 714
842 7
215 312
88 283
670 258
85 290
103 135
119 309
876 638
101 246
395 537
825 54
829 244
830 205
767 294
257 599
28 841
33 155
388 881
175 170
818 519
566 612
535 206
550 114
579 604
537 104
154 362
145 762
765 889
462 552
449 852
650 367
886 610
138 811
377 665
197 760
372 352
14 76
598 617
300 740
662 893
102 822
732 812
15 80
442 281
533 187
739 352
405 161
301 612
75 291
667 653
500 61
786 351
671 886
565 586
506 292
719 562
300 874
854 75
625 173
788 495
697 26
553 588
350 454
165 318
288 662
66 851
142 784
198 157
161 141
343 694
315 227
330 71
207 520
678 282
37 573
797 880
181 558
508 383
702 399
461 589
184 391
605 211
687 884
45 217
301 186
845 143
389 600
88 35
224 560
26 196
4 867
342 395
532 484
567 365
815 492
752 208
690 706
202 102
337 259
258 810
586 111
56 497
851 345
289 518
515 13
404 485
553 806
751 559
10 424
722 46
500 675
859 661
148 437
531 751
30 361
351 729
239 598
688 247
142 248
259 521
65 591
790 872
339 443
881 855
733 238
462 415
447 574
286 807
778 548
108 85
578 275
860 203
668 701
528 845
871 115
820 212
842 589
80 823
196 397
705 517
371 278
488 166
655 817
785 846
600 773
147 170
337 200
60 228
80 746
81 94
658 209
167 339
93 364
72 232
603 772
461 66
577 300
472 821
853 845
239 354
541 305
842 5
803 811
783 77
180 866
866 754
532 353
13 69
743 151
281 461
5 634
756 659
588 826
808 665
457 294
325 221
554 820
444 604
165 9
782 275
544 430
803 705
2 266
463 187
350 700
56 195
822 167
449 192
544 616
315 67
729 23
861 305
844 463
555 177
60 446
610 351
20 600
848 354
803 827
775 772
347 491
725 422
249 341
635 892
531 798
351 789
857 298
82 781
485 261
772 325
595 679
46 526
469 52
172 677
555 567
111 326
536 322
198 429
677 27
881 730
556 425
582 560
588 547
540 856
459 263
891 52
435 326
591 405
766 183
126 712
494 134
494 571
331 492
387 6
466 668
174 466
668 817
392 615
626 665
799 107
862 468
816 218
32 612
607 845
578 637
58 34
459 791
548 556
98 803
777 636
14 494
257 481
503 729
813 236
680 48
787 572
676 239
291 564
175 380
83 98
542 837
670 339
256 386
727 260
686 178
24 439
514 681
761 319
473 402
381 553
654 46
118 837
137 797
712 360
402 787
718 413
497 882
527 635
496 129
639 723
155 466
243 580
686 397
617 528
467 829
691 798
93 664
216 321
180 367
402 510
759 182
13 865
673 12
402 864
320 755
585 451
502 313
337 95
128 592
353 92
787 64
845 162
414 409
867 625
621 874
18 116
461 875
562 327
578 659
892 299
309 233
622 322
568 827
511 457
155 746
691 494
716 242
321 244
366 693
752 121
407 27
32 229
363 761
221 410
44 629
396 115
738 244
17 361
243 607
707 448
76 263
150 293
8 650
200 201
115 198
826 446
618 795
340 486
441 104
88 448
34 80
724 76
25 465
639 516
564 735
535 509
811 540
722 113
71 339
102 322
33 764
488 476
752 697
634 710
351 159
123 51
230 184
378 239
479 134
333 823
71 480
840 194
549 438
855 316
712 746
593 532
681 521
302 411
317 140
749 18
540 110
276 645
565 711
182 383
30 475
366 770
660 62
514 690
574 660
882 430
444 783
566 211
703 123
194 598
702 269
297 245
635 168
6 748
567 301
148 859
657 754
599 869
255 549
482 777
425 2
850 664
724 31
219 121
5 653
272 412
660 669
340 870
764 795
57 591
463 83
513 222
151 633
333 630
358 488
28 798
283 184
486 102
259 20
798 829
622 161
210 691
506 388
685 83
158 868
144 692
46 66
830 807
390 848
294 69
571 55
510 748
63 253
640 245
194 892
366 721
178 47
72 85
767 782
739 491
386 759
472 856
438 391
68 418
193 406
204 636
195 709
675 209
571 308
185 753
526 197
138 650
104 715
746 821
303 522
297 107
809 62
261 808
144 601
285 292
413 239
492 9
521 401
93 401
102 626
875 747
786 633
174 126
154 279
268 698
848 739
786 443
707 587
145 417
129 242
343 195
706 493
790 871
345 104
319 101
4 688
672 311
362 706
785 232
239 461
578 211
726 150
348 189
501 639
768 874
865 237
119 460
772 569
195 4
664 840
711 653
355 22
581 873
866 331
550 522
451 839
648 829
809 319
773 374
535 749
844 860
596 816
528 337
87 788
42 254
30 21
574 14
83 436
282 160
532 372
703 573
604 79
317 386
10 404
144 149
552 571
780 476
601 150
650 188
623 849
234 648
870 346
605 573
45 707
510 116
79 297
349 298
46 109
164 410
319 237
469 874
584 519
800 446
169 403
155 854
502 884
141 780
500 364
254 879
618 132
108 160
428 199
182 598
602 72
222 69
784 212
61 686
263 738
533 531
39 660
304 176
403 708
668 361
585 311
789 150
699 671
722 698
40 518
634 659
59 579
744 345
29 312
617 340
667 12
48 137
794 773
799 461
684 867
655 649
860 397
517 346
567 889
527 847
845 779
