994 2803
305 232
108 353
805 144
58 631
333 357
206 717
891 327
195 348
969 415
493 682
429 578
893 552
438 688
903 247
318 336
502 569
637 547
263 796
433 272
513 94
788 539
97 696
292 971
673 749
1 583
12 678
179 837
971 535
892 869
555 229
973 665
650 813
364 715
552 604
675 212
466 5
832 823
921 129
725 334
798 193
103 655
434 409
823 694
455 45
19 644
828 872
300 575
535 357
637 866
526 768
214 710
433 154
14 649
515 529
753 593
315 154
411 757
251 313
608 711
236 760
644 90
439 53
387 51
189 440
334 206
427 367
212 527
838 847
872 348
199 846
93 455
374 207
59 693
152 81
65 688
518 187
763 983
585 692
201 628
842 458
438 17
823 430
845 821
541 342
506 708
839 81
219 575
882 756
850 960
903 837
868 249
281 628
747 729
894 813
182 670
585 938
594 694
918 760
857 653
428 71
212 756
30 957
752 481
146 166
885 70
153 821
66 388
583 617
682 287
767 102
588 555
250 408
629 65
702 265
118 70
742 245
941 987
12 612
965 410
141 445
94 18
974 823
218 20
57 858
358 40
434 43
517 594
850 733
445 2
551 898
981 491
412 461
99 66
844 456
630 788
189 935
446 99
196 815
730 483
288 306
38 482
593 406
775 682
465 653
743 246
346 245
772 326
389 327
27 972
484 91
361 906
198 418
180 169
550 941
521 408
985 934
459 156
495 576
866 948
99 830
7 574
266 622
102 951
324 433
623 174
608 40
935 840
458 233
872 653
104 236
505 645
124 247
732 393
843 835
535 308
517 345
41 144
176 864
283 930
929 203
68 769
948 14
783 570
277 64
211 708
764 310
89 354
594 127
98 878
691 926
911 856
627 304
538 854
299 381
348 409
757 845
188 901
281 592
208 230
825 915
751 704
517 589
205 827
350 316
596 192
854 861
341 492
489 614
406 138
371 476
26 596
103 45
909 250
659 718
688 882
205 424
906 470
156 153
216 436
94 14
283 944
772 629
441 488
993 734
939 435
461 352
959 481
748 961
947 275
698 381
883 657
811 611
632 68
266 539
971 793
524 577
63 839
525 622
656 30
677 967
35 171
509 224
419 200
537 301
332 671
149 959
889 693
816 60
32 29
712 218
197 264
704 410
272 422
128 190
629 699
282 22
619 668
526 248
552 168
993 925
243 42
614 111
462 456
746 738
583 579
699 239
312 603
596 8
232 707
798 241
68 281
876 307
470 267
806 684
932 639
75 505
224 450
836 774
567 150
424 350
227 403
980 104
529 571
750 951
452 158
385 195
779 63
330 397
767 49
604 629
238 378
759 41
721 415
298 335
138 937
883 147
180 695
14 874
881 425
295 166
153 6
376 622
841 350
89 852
199 81
954 208
991 53
641 410
843 575
5 697
336 187
433 410
567 397
823 807
772 843
67 803
313 784
833 803
45 525
891 719
863 941
895 752
288 903
793 635
538 107
121 387
451 731
107 109
14 683
31 624
482 94
85 488
945 639
697 852
99 260
685 629
376 489
433 403
485 938
804 51
419 23
612 640
259 184
246 898
872 365
54 976
271 330
93 139
326 437
356 959
541 555
673 973
240 11
974 16
904 972
260 677
246 17
665 962
803 492
941 330
377 87
566 386
830 869
691 831
747 963
191 918
876 158
847 154
541 182
541 700
748 795
783 739
753 416
388 168
19 846
793 218
96 183
815 135
37 3
990 460
591 278
703 135
103 205
34 436
16 215
808 681
682 565
628 348
259 723
29 445
34 295
768 54
398 170
970 747
928 113
233 656
489 574
257 509
779 653
135 500
763 183
413 647
984 765
714 426
970 366
809 35
539 659
591 842
320 16
28 321
771 542
505 20
910 494
144 275
810 146
458 489
593 805
831 710
759 101
82 652
670 21
690 258
529 61
822 986
163 331
734 701
237 379
510 299
476 627
117 16
742 955
599 731
384 484
516 800
285 218
163 879
112 432
370 345
421 617
878 664
507 865
203 206
350 883
361 605
493 889
520 363
913 203
901 146
188 567
591 795
724 448
562 295
263 933
12 58
932 322
1 32
535 504
654 152
206 438
443 960
524 879
411 59
125 202
77 198
84 165
747 15
378 614
966 303
739 793
879 802
777 52
429 964
211 770
198 446
492 722
296 434
405 102
810 859
797 932
943 368
307 210
399 909
96 249
731 743
615 807
198 928
105 125
712 360
64 401
468 54
397 643
14 947
165 423
738 778
405 937
797 375
463 296
873 241
337 925
144 750
397 223
255 544
577 194
215 225
233 265
440 663
420 986
517 436
684 964
405 293
978 242
452 221
38 658
661 442
458 228
704 979
27 89
897 553
413 619
784 1
452 364
382 927
293 800
572 557
961 257
727 243
934 705
146 578
553 2
863 979
77 986
744 361
319 109
2 609
490 439
589 564
297 26
353 536
546 828
361 68
433 29
704 481
569 499
456 949
623 607
132 279
981 256
138 119
356 642
253 869
325 424
71 692
133 816
760 828
725 353
300 295
674 500
252 232
416 582
273 323
441 911
320 917
776 891
524 700
282 51
581 8
286 731
656 934
531 722
343 453
540 969
832 562
946 871
525 753
363 270
506 960
57 200
242 244
317 262
192 799
445 508
620 430
401 299
681 54
610 244
310 645
849 543
703 214
815 957
887 704
874 250
160 905
91 163
38 622
404 666
683 753
188 49
632 818
579 406
29 468
698 831
183 309
333 232
672 765
712 388
453 543
510 204
313 754
831 368
842 186
745 137
486 20
969 747
917 729
883 23
351 32
300 643
561 815
448 182
655 941
729 670
641 247
67 227
308 930
557 774
729 340
536 74
457 163
439 762
249 959
106 647
984 262
566 314
682 815
55 803
743 906
102 236
730 51
252 307
141 875
275 252
793 260
978 610
577 570
562 984
7 774
393 329
858 745
622 545
216 671
856 98
964 330
142 650
288 661
327 815
972 314
188 265
789 957
45 294
377 909
708 951
865 619
422 485
194 92
840 460
553 454
610 129
443 209
541 557
744 583
470 522
570 217
153 420
912 198
637 809
550 195
979 554
942 927
118 193
618 572
237 173
478 594
607 7
661 923
277 129
958 617
544 813
482 148
429 70
379 426
495 931
311 780
954 912
847 446
571 843
670 667
766 527
279 634
89 671
17 138
953 549
533 476
954 214
664 101
919 418
687 838
524 228
858 618
272 557
516 365
244 759
958 218
885 986
742 40
359 859
170 739
454 62
310 339
19 495
388 566
548 448
220 689
223 935
853 194
853 936
987 490
308 329
384 804
617 204
881 674
769 695
515 480
935 102
613 747
486 535
175 583
947 406
987 136
648 911
188 389
631 915
354 306
376 519
730 23
434 5
664 527
658 671
335 455
912 659
840 368
508 793
658 705
828 62
862 492
227 599
393 616
800 493
757 47
175 778
971 1
37 474
866 313
726 789
893 497
369 61
724 672
162 153
240 302
900 212
895 695
369 721
261 648
298 130
764 671
66 230
840 674
744 741
878 377
843 297
295 850
975 902
62 360
362 189
272 77
519 398
613 581
253 480
146 986
545 760
20 71
386 332
98 25
448 573
33 308
680 376
402 643
618 209
683 887
260 911
250 319
1 220
645 636
888 693
460 886
289 140
809 355
189 86
778 344
651 730
144 656
33 135
19 523
117 953
634 206
154 660
234 13
731 780
36 846
699 880
424 659
704 357
862 660
122 269
214 714
431 432
291 709
555 650
921 433
980 410
649 610
264 886
446 808
213 547
159 699
988 446
332 33
406 353
461 447
82 874
983 676
930 49
117 509
686 518
798 657
748 612
506 395
952 33
879 19
845 532
844 540
24 789
42 668
227 738
902 493
784 895
451 269
768 729
588 391
164 580
40 970
602 764
482 99
62 688
891 350
448 868
88 982
949 114
956 492
202 968
520 67
884 236
958 972
776 259
565 2
859 365
401 341
475 945
4 323
409 437
376 117
620 483
752 614
652 76
626 387
39 426
847 660
426 685
500 251
12 863
967 581
129 989
683 857
633 598
525 685
101 382
605 371
516 785
169 937
457 459
281 448
652 132
638 485
33 359
412 845
253 857
733 47
240 498
980 166
25 400
484 168
395 2
50 338
839 711
543 378
226 345
265 819
123 412
736 993
36 970
254 641
756 707
79 483
906 166
769 737
730 287
624 251
398 669
330 378
955 735
903 509
468 634
730 85
565 463
237 456
181 160
771 320
664 379
442 131
373 425
85 255
160 613
602 580
162 857
549 91
803 784
805 33
573 69
702 102
834 765
870 82
121 126
326 157
417 432
88 803
183 866
538 287
616 711
746 666
94 225
517 702
919 336
373 624
228 869
462 964
431 960
193 984
469 483
471 451
130 790
263 439
60 746
639 801
513 501
508 415
511 690
4 549
884 34
977 75
943 257
178 957
324 121
650 745
71 74
364 976
588 573
40 934
812 291
923 288
316 597
960 564
923 465
5 152
361 306
860 678
534 803
907 281
461 226
134 934
784 136
197 696
189 350
891 369
499 77
743 267
157 495
376 693
361 108
38 321
118 300
263 594
473 398
36 118
737 394
166 753
614 890
499 308
618 616
231 270
895 434
607 860
438 209
542 337
690 915
765 461
252 224
222 412
941 701
773 638
465 422
357 709
229 683
641 443
788 769
716 742
22 516
810 757
196 799
583 925
218 527
610 720
756 409
277 373
371 326
801 837
85 759
428 665
571 337
221 319
137 249
288 544
2 562
139 407
29 428
548 246
749 610
200 66
466 771
732 490
147 420
790 69
723 623
279 448
174 821
292 562
550 581
137 253
80 693
317 392
307 731
733 182
258 716
828 795
206 46
619 665
582 325
640 474
307 63
244 738
320 178
613 509
877 370
678 728
186 299
297 134
890 15
84 186
854 505
729 139
200 289
682 621
645 856
461 891
716 700
2 228
93 784
22 227
405 591
85 928
800 20
302 83
658 462
626 708
236 888
57 557
962 808
704 554
759 218
372 328
376 907
855 269
124 166
215 146
548 768
662 538
739 406
796 266
597 28
944 200
709 397
344 739
295 977
169 882
349 985
425 152
726 62
433 645
861 853
375 664
921 920
385 974
949 592
785 727
136 893
940 263
46 480
638 110
323 448
752 766
824 219
538 255
116 487
356 280
894 178
220 69
499 390
359 455
535 533
419 668
764 761
52 447
967 78
473 331
201 385
937 564
756 823
266 79
735 67
646 367
426 828
67 546
815 418
970 208
593 831
154 894
66 601
16 430
364 572
607 298
107 371
885 826
652 718
543 708
234 307
271 1
203 410
519 965
474 742
299 312
890 176
11 185
472 457
845 663
479 498
810 874
940 685
489 221
640 267
264 446
309 37
710 318
483 827
249 701
216 264
470 535
328 407
551 865
536 6
257 112
521 470
764 527
341 869
570 877
771 164
459 294
26 440
355 921
372 793
613 376
840 86
771 375
461 210
815 643
717 481
633 191
962 456
66 683
982 144
329 989
201 912
770 406
274 403
351 131
157 869
197 100
986 942
143 834
311 369
867 564
502 160
412 207
584 861
37 1
477 987
651 464
905 928
734 738
363 965
736 216
647 942
599 449
971 972
254 621
497 136
596 908
539 39
47 318
936 748
162 532
677 280
879 897
842 559
93 759
119 635
851 778
690 478
50 308
984 767
468 464
439 81
556 717
872 138
910 492
662 203
77 52
612 244
728 457
394 682
110 68
350 168
208 60
960 81
264 894
462 577
360 604
956 133
494 786
118 55
483 195
49 423
286 404
158 489
603 769
698 572
555 989
811 826
846 538
506 403
387 493
339 932
241 300
6 748
78 489
760 512
173 650
688 690
393 71
218 545
346 538
147 48
169 99
8 981
383 358
561 191
909 359
285 653
567 826
696 268
555 978
348 76
468 152
752 969
573 90
24 729
435 368
133 659
64 554
301 264
927 638
416 328
109 160
311 740
682 8
737 253
332 244
776 77
333 269
426 113
412 791
953 794
952 782
537 731
441 940
975 676
26 80
101 247
980 273
321 601
472 894
749 940
699 725
21 278
332 474
392 458
624 21
396 798
511 195
248 852
781 620
950 881
495 575
319 312
543 663
496 902
451 112
508 698
942 624
164 449
367 44
979 678
925 574
450 917
17 33
409 399
549 67
119 151
111 749
738 585
658 496
972 843
850 579
151 877
669 784
856 980
801 408
714 939
275 784
510 468
259 513
538 835
578 948
249 795
527 871
764 249
952 907
40 986
447 82
140 288
106 7
894 244
71 839
183 890
301 371
653 425
485 823
566 736
864 369
883 242
702 431
650 868
189 19
745 245
674 212
513 239
951 899
4 835
759 315
816 685
598 288
85 280
214 798
693 89
839 533
92 625
386 309
803 188
987 395
35 6
78 349
698 265
321 440
982 504
877 675
548 645
608 526
278 499
336 662
304 431
18 517
735 426
621 733
793 144
685 279
707 739
546 360
729 184
162 779
42 940
972 95
222 528
885 368
209 976
639 362
24 818
514 455
381 476
844 558
993 364
829 275
67 811
429 379
32 113
162 575
126 266
756 91
953 52
115 567
961 52
467 447
178 323
189 401
525 154
699 210
385 366
936 202
687 454
800 816
234 503
731 991
922 824
555 286
139 197
730 887
288 115
649 848
421 185
902 642
171 692
273 255
528 243
379 252
362 809
460 812
758 365
867 493
558 307
864 900
982 357
986 616
861 620
919 705
578 325
524 905
323 728
968 216
128 986
167 301
561 863
15 201
886 830
390 457
836 358
415 467
382 713
882 228
366 493
676 750
794 798
134 279
339 662
74 361
882 119
438 627
223 189
936 830
801 558
911 447
749 304
990 721
4 972
256 617
786 128
38 93
540 951
693 911
822 455
436 518
815 689
953 850
516 388
183 392
510 680
159 10
622 20
161 832
939 525
533 114
792 52
630 212
701 603
120 669
789 295
451 298
932 315
536 57
477 684
353 41
834 802
156 474
26 770
984 938
915 159
37 874
956 702
557 558
151 331
212 993
581 877
837 184
987 908
659 751
467 295
745 966
317 656
122 978
158 65
245 599
732 817
875 366
143 601
954 928
31 185
629 738
319 911
304 160
622 341
70 118
76 700
241 649
65 35
836 713
419 854
126 660
454 714
988 566
555 253
251 56
226 557
298 443
942 640
432 851
307 980
991 284
663 485
918 599
745 514
905 949
843 791
863 344
371 160
800 541
235 743
218 110
754 706
739 512
919 459
294 609
888 688
339 272
877 189
733 344
164 440
475 63
367 5
978 788
779 955
541 849
720 612
362 647
220 188
438 239
961 710
601 961
506 970
107 207
532 846
20 48
459 586
765 559
119 394
447 777
690 856
25 675
555 346
811 545
477 98
15 218
319 286
411 412
488 794
61 909
309 276
202 267
439 913
354 488
156 342
732 468
629 588
280 181
463 687
736 217
590 740
759 105
889 506
393 560
763 454
766 959
970 534
75 108
728 370
581 523
13 505
736 845
772 45
443 36
939 987
433 443
162 644
571 288
347 993
441 689
34 434
568 132
813 718
933 463
113 217
250 882
227 740
278 775
808 546
481 113
786 105
952 460
894 653
789 44
30 342
171 838
871 175
346 102
34 192
804 645
757 478
136 786
980 808
89 790
830 576
374 155
251 332
734 854
628 615
828 686
315 158
775 444
118 833
670 615
214 896
766 685
662 447
623 589
444 790
194 106
765 812
550 408
422 657
299 230
162 178
350 776
166 949
741 627
853 255
485 320
196 56
141 222
992 55
994 295
776 984
104 108
547 448
949 594
966 394
161 558
718 204
756 636
779 120
506 236
15 113
969 196
101 71
181 650
683 824
777 435
961 446
211 682
618 137
285 636
125 818
698 346
717 14
235 453
832 397
670 593
416 191
143 755
184 75
882 747
846 8
667 663
488 567
698 152
85 980
554 658
301 179
194 495
470 746
938 421
666 302
173 867
387 45
857 198
52 299
929 980
707 954
77 523
800 701
626 805
486 581
202 132
629 86
282 654
157 310
539 585
752 269
491 255
290 949
517 583
776 297
440 447
434 853
236 329
662 712
994 304
776 973
466 450
140 588
142 807
76 901
613 960
545 939
346 248
38 530
966 216
205 760
196 442
445 191
119 8
67 747
838 387
767 315
454 823
77 446
207 72
319 449
798 955
738 737
583 341
401 74
476 650
313 646
188 374
406 677
850 602
64 497
980 199
33 220
788 303
68 532
652 161
503 572
785 448
586 614
826 959
169 797
558 79
227 19
856 705
418 922
298 330
630 14
51 731
237 252
308 860
771 92
699 555
940 262
425 498
418 746
475 568
95 206
795 601
111 6
589 755
346 775
169 401
907 305
116 499
917 514
597 899
594 657
445 34
145 269
606 589
420 445
666 885
421 580
564 354
178 741
251 953
340 801
182 403
827 529
794 948
591 871
335 324
453 385
301 127
709 386
107 717
531 533
775 703
271 205
20 22
204 283
495 825
227 1
691 654
29 267
296 987
80 818
744 335
529 80
301 801
251 878
522 409
64 907
175 7
964 451
881 118
883 523
246 770
338 108
635 186
55 756
442 190
226 172
212 690
85 185
765 538
16 775
615 260
361 586
4 521
958 387
463 94
411 213
925 714
34 375
90 72
428 573
110 15
863 778
955 680
260 290
443 457
648 267
447 385
947 616
178 800
357 289
62 438
945 213
528 59
507 363
587 213
475 461
211 201
69 720
602 570
25 628
455 487
171 97
945 951
214 193
492 360
345 278
333 130
551 650
351 272
86 432
200 201
695 675
936 136
774 664
440 446
530 769
196 320
949 654
896 566
839 688
712 830
794 276
754 319
755 183
518 113
41 710
675 716
909 589
966 445
287 841
435 707
551 251
129 187
367 938
668 437
82 381
401 429
882 97
224 726
153 560
62 111
652 558
67 557
502 315
323 695
127 154
648 776
958 37
444 224
724 869
361 582
676 989
753 680
252 186
386 764
133 337
846 442
34 845
98 750
745 204
49 434
893 92
766 218
107 388
22 495
8 906
388 123
118 494
907 506
600 572
584 678
659 32
695 806
632 766
764 862
784 772
273 257
846 443
701 961
500 883
15 819
528 377
21 847
604 934
716 296
879 236
366 860
458 197
4 201
486 64
644 237
205 552
922 711
687 496
565 174
141 492
441 101
244 417
254 72
376 654
323 818
238 937
520 496
612 257
522 105
944 625
822 755
693 533
298 99
606 514
384 690
955 262
132 304
292 586
469 460
306 798
354 806
248 60
329 447
342 335
676 110
989 684
167 613
421 314
840 45
459 901
957 329
649 616
50 231
548 716
236 49
401 12
2 66
595 884
116 718
158 464
882 504
366 217
55 893
957 96
192 625
11 865
739 869
336 550
560 459
466 332
199 472
496 54
282 913
57 176
939 190
690 513
975 788
605 566
429 960
343 798
922 316
279 649
709 846
303 157
551 828
402 318
591 527
297 44
903 617
630 35
671 733
799 424
949 918
826 508
311 194
612 624
958 145
688 240
465 662
888 886
782 980
712 596
919 197
957 573
153 1
749 752
173 245
327 516
991 695
737 191
453 757
67 838
809 308
518 651
377 297
227 468
597 829
678 928
965 622
419 93
241 173
789 163
613 258
263 750
879 418
147 612
206 795
915 862
196 963
949 710
72 347
454 826
736 253
140 167
365 641
601 274
895 560
766 9
164 48
122 560
763 546
501 483
396 483
219 247
776 204
391 152
638 982
718 800
31 120
891 983
264 122
890 89
265 263
429 502
819 530
699 504
277 988
520 661
922 860
834 183
546 960
127 35
573 624
26 591
958 332
302 496
32 303
964 488
876 20
93 555
298 725
707 390
963 784
86 65
125 335
839 535
454 110
417 577
607 523
725 374
690 325
709 39
395 35
151 204
475 337
422 214
963 590
303 177
185 918
766 494
571 485
177 687
169 70
104 771
715 265
485 581
364 794
660 799
2 532
829 107
649 989
235 409
827 61
576 182
721 488
264 674
283 181
281 406
585 936
468 308
513 334
787 773
757 458
94 209
174 278
505 246
488 858
766 141
767 1
269 662
754 451
977 861
763 517
840 457
751 871
681 36
585 869
646 273
847 14
725 376
585 27
696 573
648 574
382 451
754 280
76 295
561 401
944 502
871 382
85 10
964 438
675 102
933 220
185 477
325 487
555 605
818 703
479 525
228 758
213 492
949 877
125 560
810 459
545 251
563 708
502 425
698 869
292 18
689 46
266 700
877 215
753 969
525 70
892 500
967 927
864 382
239 37
171 902
664 341
356 284
712 674
52 610
777 239
165 370
671 534
477 544
294 739
426 728
25 896
816 320
921 28
764 321
767 478
986 659
491 211
790 259
44 174
961 983
305 907
40 456
204 958
391 808
381 580
655 273
732 821
681 142
633 56
483 929
483 628
355 395
582 131
803 860
218 292
22 769
333 490
315 611
194 204
923 601
195 556
397 344
252 880
953 229
225 850
318 401
41 455
621 196
303 505
158 274
305 611
722 764
597 43
265 453
73 557
76 500
153 18
636 284
599 904
949 233
436 615
751 744
220 462
85 952
374 835
857 61
145 137
660 536
78 71
613 909
217 667
603 292
470 422
94 953
256 616
275 180
423 393
522 863
172 724
376 93
303 953
89 146
270 121
36 836
766 609
884 512
871 209
249 578
750 279
988 664
499 723
226 297
689 74
162 513
288 450
790 135
573 269
154 173
628 619
582 558
124 988
989 125
116 511
206 818
101 56
526 507
841 491
949 842
930 481
237 936
712 538
350 729
554 253
636 274
985 465
154 5
780 465
174 64
129 180
312 660
114 407
168 718
371 402
406 354
133 490
172 238
157 350
112 893
587 732
920 653
82 767
176 376
568 255
767 764
398 60
220 36
721 988
830 3
913 920
495 548
723 714
134 336
338 289
978 154
88 525
785 493
265 25
905 878
19 532
311 103
752 156
706 678
743 32
383 593
832 677
905 209
172 779
735 609
337 537
623 908
663 37
534 413
316 779
206 734
67 289
774 396
745 166
691 555
619 901
978 475
983 85
362 507
17 377
144 271
271 841
966 631
739 315
230 873
104 429
308 319
201 451
368 605
39 697
940 946
687 893
66 396
693 939
749 450
767 949
473 873
454 325
661 435
241 178
688 772
123 761
894 989
57 800
194 814
527 463
565 184
839 297
677 105
203 75
60 125
361 125
880 309
749 688
716 139
240 212
729 574
560 760
260 161
249 362
875 490
175 397
659 691
269 888
827 505
166 704
813 379
929 551
415 724
555 972
700 358
956 984
136 184
966 225
839 877
143 906
195 395
496 667
791 437
701 672
946 927
483 346
731 726
273 914
653 671
497 169
902 349
724 66
482 949
157 394
623 518
123 262
70 771
841 829
551 133
38 663
390 16
159 808
130 971
573 404
477 163
669 384
817 856
611 286
115 692
439 807
889 35
546 627
874 4
530 729
73 232
290 811
155 548
359 715
773 440
916 269
243 563
190 469
652 608
451 865
432 674
452 923
880 982
740 472
944 371
462 834
599 263
231 354
456 664
92 81
516 723
331 584
243 282
8 96
229 344
550 304
176 481
469 159
453 53
170 195
482 583
234 134
697 741
37 391
220 873
227 139
679 604
816 27
378 622
503 250
712 92
678 826
129 788
977 617
497 882
633 848
78 746
246 280
873 546
838 385
362 620
219 493
934 483
115 642
944 871
891 962
819 907
289 660
417 351
650 33
478 387
534 985
505 295
544 489
239 594
756 485
99 954
317 197
725 56
216 435
240 265
76 103
295 621
154 799
851 943
729 302
196 502
624 52
784 725
660 655
710 792
867 815
510 610
653 13
124 9
231 684
419 318
13 837
424 149
98 867
545 970
894 470
94 556
944 222
196 366
877 624
841 682
327 595
807 325
373 748
204 680
121 489
907 966
89 221
970 11
916 632
848 265
242 56
149 476
925 139
29 118
361 653
326 365
762 879
355 356
301 21
578 919
542 874
755 190
232 327
364 575
824 982
75 781
133 234
942 912
738 90
16 770
380 483
53 894
721 579
684 158
667 254
705 295
82 584
599 408
125 443
693 798
811 606
152 678
602 162
770 547
626 28
928 90
205 84
225 203
264 634
10 66
140 948
531 540
538 376
825 242
826 541
404 769
806 561
898 379
331 944
775 366
942 522
451 608
877 207
237 666
436 427
733 178
520 446
573 715
740 790
835 144
854 412
882 500
514 644
79 274
286 578
704 596
856 560
323 30
821 254
823 853
496 143
828 256
908 867
670 838
486 883
605 828
749 695
630 812
905 284
228 16
13 775
930 268
786 9
897 10
679 470
186 620
832 503
223 183
625 470
946 822
449 502
929 409
952 930
767 627
846 432
797 205
946 210
840 849
140 938
513 574
441 523
743 449
926 756
966 32
52 939
36 528
132 427
498 178
101 348
340 227
303 657
732 82
977 747
651 675
525 571
141 818
844 669
866 750
924 659
690 652
159 402
731 821
273 810
864 499
609 763
244 93
245 73
139 897
87 539
843 594
972 822
147 862
813 463
711 166
59 421
203 407
829 439
210 319
545 992
639 949
547 964
488 378
868 197
318 226
32 908
108 773
396 306
471 960
459 501
721 429
297 819
635 163
