944 1057
379 921
488 910
553 448
766 69
380 829
166 831
479 383
698 150
416 920
735 367
399 380
614 409
877 872
786 114
82 712
456 663
81 719
15 251
571 193
703 744
373 438
926 692
637 51
12 761
794 252
906 376
522 309
252 916
64 229
65 233
597 624
297 725
451 807
914 650
151 295
879 391
875 458
927 157
249 145
807 507
87 406
435 731
909 262
511 500
572 68
683 411
595 128
713 537
799 10
829 102
37 644
873 264
768 88
731 528
537 370
534 327
654 494
572 522
759 379
813 244
756 816
252 531
394 2
525 492
121 883
299 583
408 641
656 931
605 298
905 508
299 926
288 337
30 661
854 744
82 434
14 538
466 890
483 27
772 587
500 150
438 300
428 557
209 384
707 385
528 482
492 819
217 809
577 716
671 66
24 641
105 766
717 84
588 579
92 814
281 157
396 180
811 681
291 493
800 174
379 473
831 751
89 908
834 183
363 506
123 897
261 664
662 669
238 447
496 819
913 750
88 682
627 213
225 482
508 392
805 4
843 217
229 426
285 179
702 67
316 906
853 221
39 563
731 10
306 518
419 577
721 685
653 278
144 331
491 209
772 614
430 382
661 855
227 404
168 515
763 621
897 933
625 792
66 470
153 78
814 95
303 869
14 744
58 249
128 924
654 843
315 87
183 190
765 135
745 526
47 491
810 355
632 59
444 278
672 76
39 243
882 774
180 553
900 67
879 903
405 652
939 147
191 586
746 561
903 513
383 932
412 809
360 280
34 628
733 128
17 610
538 293
222 842
276 681
263 874
407 129
260 258
323 725
926 290
867 677
770 240
554 254
665 17
715 638
397 164
368 265
270 36
725 119
118 105
238 609
802 3
89 340
567 257
777 600
316 174
43 237
931 344
889 816
126 591
5 13
161 122
444 41
679 372
730 483
31 593
534 265
816 48
813 936
37 539
224 675
818 894
480 541
153 444
342 375
564 470
703 515
320 249
650 493
96 621
415 899
343 341
291 851
885 139
633 822
535 368
510 91
722 384
269 556
38 940
730 602
811 840
229 76
679 845
361 265
278 485
713 681
558 283
809 651
403 46
457 302
366 727
613 476
181 147
653 641
267 793
901 69
77 17
439 726
375 861
833 142
781 28
249 557
666 645
841 785
106 12
861 334
169 310
154 38
394 739
20 695
648 194
265 495
541 137
360 939
274 238
651 106
881 564
275 399
8 71
578 470
101 714
417 107
704 120
172 162
81 70
473 836
484 890
711 269
797 864
538 98
604 911
942 335
266 378
221 67
621 425
667 482
241 411
328 58
146 214
590 368
468 771
585 111
551 408
87 183
219 717
39 787
292 556
109 707
215 930
415 803
913 570
436 786
593 159
118 476
177 815
35 207
68 359
346 878
220 843
238 880
152 731
857 403
826 265
578 42
828 674
266 757
336 384
532 262
436 943
641 542
791 658
842 578
691 707
780 226
928 251
36 201
472 626
159 562
868 424
879 99
894 393
513 891
59 268
310 729
731 137
534 901
642 249
74 90
563 160
70 944
709 72
385 223
566 52
35 450
563 111
503 619
801 145
271 170
728 490
661 510
500 199
129 544
738 142
692 785
84 528
368 561
776 227
251 864
659 251
643 670
154 878
5 405
331 591
942 323
449 150
39 313
210 875
18 884
619 646
208 240
265 558
908 359
200 567
79 291
143 342
29 727
588 606
877 339
246 444
167 472
707 677
141 548
250 793
637 923
736 571
118 365
683 837
886 305
389 103
512 109
798 193
487 754
686 320
381 406
823 547
293 127
523 635
57 833
434 607
853 103
909 619
931 888
830 908
694 906
520 685
763 507
416 751
258 498
567 150
459 37
451 596
610 301
864 71
137 240
540 447
38 471
322 300
332 43
661 107
936 849
199 688
489 6
763 739
756 688
233 570
366 378
94 193
477 711
850 352
15 291
472 571
308 286
445 515
148 672
601 238
188 161
809 401
606 766
29 686
588 521
297 377
144 71
77 363
376 286
613 68
100 105
734 597
757 758
96 210
550 596
549 253
50 902
717 797
85 48
715 89
765 762
74 252
345 247
539 32
610 701
116 780
195 784
205 825
831 528
202 207
121 589
47 262
879 637
583 561
41 645
123 28
282 44
414 269
595 181
388 254
446 26
351 840
857 401
61 889
785 298
722 888
271 85
66 267
858 287
525 49
936 787
521 606
211 822
174 821
380 224
394 512
817 16
79 933
323 281
147 156
702 853
179 634
828 476
87 55
516 603
38 382
823 52
116 223
685 775
561 374
456 306
930 847
72 752
550 940
57 713
214 380
403 828
380 299
817 480
358 70
350 488
600 312
369 836
367 232
305 848
426 412
45 544
739 837
595 891
274 384
174 577
173 791
306 76
141 867
591 643
236 185
272 386
357 598
213 456
793 884
884 232
700 378
534 801
723 133
54 319
728 299
356 553
93 717
298 106
894 98
194 11
621 187
208 129
470 420
552 19
169 43
253 748
537 901
539 937
365 875
82 55
883 521
720 101
754 162
394 397
356 373
901 920
161 210
486 538
619 378
541 343
720 149
856 311
497 590
620 859
670 98
200 707
191 157
599 112
794 852
262 678
691 560
185 69
331 617
224 557
637 780
479 506
658 336
133 495
826 548
551 415
452 152
688 590
688 460
351 590
596 239
745 707
795 564
680 567
695 211
132 69
143 57
751 341
107 195
265 380
235 477
346 937
902 346
376 650
43 272
327 878
77 674
528 498
444 208
776 800
359 568
186 540
342 546
613 669
50 240
31 461
44 292
887 111
233 543
664 769
280 374
814 834
882 491
628 24
670 624
280 857
760 819
131 473
858 507
145 809
82 794
181 121
584 97
397 271
892 374
859 176
682 923
911 484
333 297
886 257
65 907
779 813
136 313
329 878
82 652
191 900
730 800
764 656
284 329
844 886
192 377
918 786
416 389
608 169
499 298
629 563
306 321
819 40
576 150
838 458
549 640
906 145
269 483
58 160
430 153
731 531
944 823
691 231
263 554
768 420
878 799
610 549
356 756
758 94
225 802
358 445
330 144
944 867
640 434
371 750
466 157
183 437
545 687
726 317
276 357
390 684
836 672
705 898
634 622
895 584
320 290
643 192
664 805
367 405
178 155
825 848
184 804
114 111
454 116
479 566
895 237
590 463
642 569
853 122
702 50
760 21
450 293
889 444
39 687
247 260
311 435
266 113
873 579
218 131
7 935
790 462
620 543
870 664
178 809
940 362
634 402
736 564
113 452
610 624
915 681
399 632
421 837
99 493
828 502
279 3
503 430
757 271
726 167
327 305
804 674
668 199
163 725
779 765
839 333
23 818
267 583
227 236
217 455
769 528
252 681
889 204
602 930
896 773
269 817
323 530
49 665
561 512
482 418
637 834
229 796
263 457
69 642
539 928
704 20
522 39
888 166
418 673
850 900
417 548
929 47
3 720
52 51
332 106
104 80
310 185
373 52
162 691
349 392
442 630
658 36
287 826
178 602
53 542
50 688
446 906
12 670
48 825
286 548
135 502
90 83
42 796
60 467
358 41
889 819
241 457
61 49
639 228
891 303
941 295
238 643
179 354
169 795
377 238
409 129
624 724
425 697
726 84
81 296
527 109
767 487
167 577
118 470
704 98
549 302
7 19
101 372
827 51
240 185
285 484
57 604
869 387
777 160
909 589
618 522
143 643
138 198
732 648
37 590
823 46
438 98
599 672
852 136
776 294
605 132
99 859
55 338
916 634
444 850
174 721
830 146
237 706
888 718
72 385
880 478
609 187
604 137
805 595
9 683
798 240
47 50
163 509
46 559
324 820
370 683
168 462
940 852
468 504
352 595
371 356
179 795
252 338
829 887
71 927
508 192
655 19
202 253
734 77
388 905
358 61
113 340
775 59
116 671
523 361
101 178
11 707
653 144
128 684
869 825
387 466
493 743
154 932
688 730
628 133
127 925
556 759
288 200
365 522
101 3
88 329
484 6
866 478
551 423
138 121
599 169
760 68
671 630
613 485
420 505
94 894
446 804
132 607
118 590
162 539
609 577
616 79
829 230
325 873
812 943
733 39
236 475
17 348
909 601
702 200
299 220
667 237
540 277
276 426
663 558
225 83
923 819
561 567
170 828
771 935
742 782
421 866
185 563
50 3
775 762
241 423
932 165
237 356
870 854
163 491
826 394
862 892
408 175
271 562
861 867
667 95
59 879
722 186
283 227
860 16
133 458
828 939
19 420
671 303
320 364
238 315
564 458
278 553
24 696
164 217
98 633
750 92
505 738
180 751
653 299
273 209
359 611
905 800
193 758
245 736
579 717
755 327
131 801
470 648
713 617
213 170
609 903
189 932
263 513
95 202
45 545
160 859
190 602
453 848
53 128
200 588
780 551
113 647
141 592
122 556
540 400
369 291
9 469
67 324
321 513
675 718
838 110
658 896
86 633
893 182
594 291
337 327
334 836
243 634
177 286
243 709
678 473
771 540
231 778
92 519
763 564
775 744
187 765
821 286
217 304
631 479
260 154
171 645
573 469
205 208
720 700
661 766
7 403
421 692
99 147
131 134
447 323
486 593
645 834
888 479
346 370
650 62
850 499
348 747
614 486
239 600
1 240
641 494
186 205
734 150
784 712
494 622
528 282
748 816
755 663
242 11
602 812
644 139
406 126
439 452
478 33
671 125
755 476
941 291
820 451
175 651
669 425
585 808
60 847
620 499
750 296
256 81
472 782
162 377
148 450
823 852
459 591
291 577
389 386
636 695
