1000 4980
505 509
947 210
234 326
217 126
290 329
790 763
701 276
227 437
600 238
600 920
251 996
912 218
654 51
642 495
255 190
296 266
132 331
351 321
479 156
190 65
792 960
770 809
584 247
289 261
623 245
59 234
313 378
352 102
425 336
854 614
911 80
235 467
770 945
734 102
681 122
347 599
21 325
562 450
425 225
85 405
562 994
215 456
746 485
70 661
859 77
695 52
491 183
38 930
510 767
187 939
792 631
577 298
920 669
120 811
264 176
671 736
818 20
855 249
964 861
801 139
623 568
915 371
681 276
720 164
186 471
604 666
381 606
595 11
863 254
115 468
999 998
687 507
838 424
141 88
548 933
381 297
73 968
935 909
792 26
702 573
39 889
852 583
877 32
49 761
200 476
32 68
360 561
649 791
182 575
272 946
554 73
274 586
702 891
574 820
778 561
397 222
393 326
194 421
92 296
120 614
238 545
937 875
8 359
308 66
954 853
376 11
654 584
140 515
675 787
513 898
826 46
177 474
475 635
242 921
451 307
720 573
729 911
942 657
49 52
582 222
877 561
513 936
808 210
165 256
479 419
829 846
973 425
663 806
225 363
533 457
945 431
429 289
430 81
766 26
658 387
201 450
239 707
203 34
314 758
461 912
581 29
524 869
780 772
490 538
510 284
381 217
471 646
628 657
628 78
670 859
677 922
722 247
621 885
429 104
51 989
692 853
126 521
471 456
199 839
402 593
737 47
555 96
756 298
277 196
387 73
724 358
814 590
928 190
618 882
144 749
966 773
364 840
808 217
184 723
95 968
991 775
278 726
483 832
407 152
420 104
263 920
503 866
586 466
605 470
881 696
842 910
239 712
789 504
849 780
848 788
118 234
194 516
474 356
801 821
215 254
168 434
97 220
699 270
681 962
39 507
978 315
78 984
645 424
177 24
414 144
287 674
861 931
141 270
955 412
849 241
61 752
474 788
429 823
122 443
997 48
984 162
949 353
462 894
80 383
314 66
773 526
347 440
194 748
928 639
765 430
731 98
201 327
53 18
255 703
770 369
183 889
826 847
683 391
957 167
743 730
475 983
928 825
362 467
285 372
565 418
345 665
52 779
975 499
606 939
11 536
955 292
591 647
736 10
154 144
399 545
503 231
675 366
451 5
605 518
235 295
199 238
50 126
238 319
848 228
3 864
99 535
26 285
999 786
999 473
512 913
872 530
895 205
19 672
223 995
648 219
61 890
501 824
134 750
193 405
321 90
198 317
805 363
271 387
511 325
39 24
522 50
887 419
743 158
449 979
947 515
822 555
624 238
625 240
966 94
347 483
3 261
314 175
608 593
100 348
743 544
756 835
177 864
604 220
896 141
808 319
112 156
681 650
114 659
231 483
952 70
63 372
203 52
18 192
160 61
33 484
18 55
153 106
936 387
147 809
539 179
829 344
226 383
867 988
637 330
571 634
638 694
345 301
237 700
695 896
729 428
475 702
149 715
332 29
208 462
118 672
897 491
819 383
89 491
626 556
75 136
592 749
611 993
633 742
650 268
194 666
790 491
289 634
211 546
281 153
503 544
733 14
185 374
975 894
480 109
99 472
97 482
725 372
138 516
503 362
322 658
895 243
927 409
298 708
618 12
404 266
1 481
937 249
911 450
123 447
486 369
495 673
910 461
425 952
990 795
789 665
167 265
432 351
423 550
515 901
124 745
507 10
234 377
22 193
275 140
389 285
245 300
946 330
690 491
694 483
768 982
39 932
419 447
554 484
790 397
384 532
812 487
420 856
541 234
612 231
652 51
156 757
780 733
783 93
491 566
952 524
293 481
594 661
793 438
255 903
796 901
191 75
895 629
246 26
962 297
417 343
309 289
643 10
592 776
663 87
370 273
425 503
207 540
762 286
130 47
602 209
12 432
859 290
511 639
898 433
480 906
591 300
262 40
302 702
160 558
620 871
513 443
182 709
898 544
810 117
220 469
632 290
778 90
561 858
792 989
563 10
814 102
655 944
675 411
968 41
22 696
370 66
780 516
63 622
492 672
675 890
319 602
766 43
567 14
915 729
698 260
972 875
429 569
665 2
106 219
613 919
652 694
597 728
726 350
303 507
819 777
381 136
737 570
475 79
183 438
42 115
78 152
497 385
83 207
981 772
393 235
802 547
656 730
489 228
815 307
883 833
628 369
709 988
663 306
773 707
61 806
99 463
264 707
814 970
617 398
448 591
231 129
181 2
400 738
238 77
962 684
724 947
799 921
618 663
818 392
638 722
491 688
790 692
804 90
99 835
578 297
244 280
48 3
671 229
973 361
604 8
241 995
494 429
21 270
278 267
522 928
542 295
163 218
836 75
752 400
177 754
913 40
200 738
719 35
666 906
100 795
928 908
817 418
531 67
514 25
141 601
111 787
497 603
21 469
99 69
28 515
177 988
100 561
73 712
115 941
746 773
423 622
994 929
479 748
423 851
43 634
357 88
691 438
550 79
660 846
720 967
190 715
919 158
703 733
814 976
889 735
66 552
286 777
801 571
604 329
822 688
553 631
505 350
618 775
516 535
543 458
980 15
511 161
43 354
323 174
142 758
783 620
591 204
259 547
684 141
226 277
45 815
84 939
690 653
548 981
785 707
163 316
554 567
773 321
539 538
201 357
461 405
781 671
11 752
486 521
639 477
380 894
571 259
347 921
24 581
77 709
136 233
872 734
429 314
12 386
752 948
180 645
144 853
92 551
173 107
459 454
649 992
296 640
172 801
337 236
11 990
255 751
56 431
28 837
331 929
761 622
118 189
866 485
533 174
725 190
718 158
370 300
760 593
923 495
615 294
191 229
690 635
268 416
397 614
414 540
201 688
58 779
185 129
84 354
351 483
888 714
670 862
134 976
910 939
86 116
605 924
640 256
698 916
953 132
618 168
790 443
24 176
461 794
777 105
407 290
514 158
49 152
822 517
642 354
886 713
255 35
8 116
994 987
683 710
888 105
320 694
599 709
417 876
905 894
514 767
640 558
571 441
718 568
517 504
910 328
975 139
403 558
172 241
772 532
444 394
493 712
160 323
17 763
254 504
957 996
274 234
160 943
868 285
363 271
614 775
926 41
965 679
618 91
732 974
275 377
77 498
367 231
318 868
150 843
428 609
798 103
805 188
530 641
488 68
980 176
683 421
575 302
636 387
563 997
428 901
966 418
470 71
620 387
808 455
272 980
135 362
420 450
719 238
425 620
745 615
337 854
423 372
530 982
286 431
713 468
236 77
868 455
166 821
494 838
355 18
910 494
490 704
180 207
501 75
146 43
916 14
93 976
973 107
278 153
11 574
567 739
599 476
910 409
400 418
53 931
402 775
826 680
850 499
705 284
482 98
136 561
522 233
652 1
855 333
13 810
395 499
52 816
695 164
515 15
946 422
886 90
590 383
828 478
22 13
684 450
371 976
886 332
579 545
746 819
674 353
678 738
660 873
681 209
955 831
778 131
120 10
445 304
428 264
587 569
930 499
414 640
553 47
475 357
438 891
5 493
230 8
598 36
807 768
703 653
418 113
966 13
307 205
434 69
111 837
24 620
439 391
793 60
99 773
460 469
650 40
232 813
484 902
729 36
104 430
822 751
577 963
556 175
843 66
130 10
923 931
957 12
501 581
742 525
446 531
583 523
693 396
146 410
125 229
54 222
644 413
112 518
848 240
756 921
100 371
281 63
997 6
945 224
135 865
839 889
36 890
664 632
536 941
683 206
699 79
170 992
805 67
211 244
194 836
654 875
414 396
492 916
588 65
960 845
292 1000
132 837
578 821
187 311
762 233
176 764
766 796
103 478
895 55
901 532
678 86
947 956
223 661
938 140
51 243
534 873
599 862
230 122
711 463
30 853
804 69
453 369
57 371
130 180
756 992
893 776
120 24
23 306
909 499
63 627
235 559
975 956
270 34
861 986
550 944
221 443
884 986
576 283
490 108
427 190
814 220
84 117
709 209
387 413
788 672
614 315
791 96
674 929
778 544
618 29
232 464
100 178
583 951
838 69
72 583
806 772
454 233
592 624
940 391
562 750
674 583
138 76
673 4
857 922
124 226
472 440
730 889
621 581
628 969
850 254
737 268
959 430
281 951
377 714
11 295
33 952
214 290
966 680
786 377
181 219
772 495
721 62
335 740
429 869
835 988
911 804
134 807
806 625
848 60
402 308
242 673
153 714
425 109
206 561
444 260
395 840
50 728
604 924
568 219
238 333
185 839
505 754
169 80
63 653
617 625
119 602
118 710
599 876
820 164
452 943
986 569
589 93
202 232
23 10
135 716
689 320
834 421
177 564
579 971
236 900
772 921
844 574
683 366
59 901
522 765
699 173
302 968
285 67
588 560
216 254
52 876
182 983
880 234
492 27
494 460
826 855
841 678
25 339
225 913
427 317
338 314
446 963
160 261
859 222
473 240
863 803
220 295
826 966
663 440
477 197
649 839
815 972
562 45
781 695
670 751
748 558
20 442
87 508
588 757
329 712
124 64
935 359
439 137
719 700
885 361
225 712
149 70
389 794
1000 295
375 475
730 208
217 584
100 425
790 355
829 849
42 190
189 754
635 558
302 492
139 968
999 294
653 91
253 64
769 239
950 795
836 105
274 934
792 237
822 213
80 79
740 312
670 242
447 352
766 824
603 758
606 731
435 585
737 985
737 396
189 809
320 952
796 598
528 535
694 400
414 607
681 165
899 240
348 410
77 116
647 424
904 794
791 447
392 57
265 960
213 79
911 471
513 908
514 50
18 47
625 797
866 980
260 240
298 335
373 569
410 126
321 998
123 997
414 932
808 496
166 206
666 431
316 754
239 629
905 334
686 784
284 336
730 547
496 129
698 437
93 118
824 129
847 413
669 504
834 728
652 93
817 301
446 569
344 420
61 189
414 582
473 10
386 988
351 41
64 659
146 733
51 686
877 518
732 194
346 126
843 276
475 171
681 516
847 777
718 751
922 941
797 922
83 491
410 121
926 294
225 643
361 525
26 88
615 205
201 495
238 51
590 260
234 840
338 231
726 324
819 153
820 777
984 834
513 252
126 580
623 196
772 863
322 394
274 811
149 248
577 95
480 673
687 603
927 466
567 470
854 445
361 750
95 986
168 309
576 328
762 651
162 932
95 463
818 625
322 312
824 832
235 76
269 629
213 632
532 784
247 387
421 286
577 859
904 66
261 240
885 696
428 26
493 941
506 60
343 930
818 446
170 542
72 958
77 317
556 875
44 944
740 725
870 136
157 1000
844 379
772 232
701 222
886 529
246 783
942 728
635 326
637 523
211 568
140 370
582 601
380 532
549 469
915 950
12 378
292 437
697 715
973 415
296 645
243 331
761 284
689 210
449 450
484 700
216 306
414 782
515 362
717 79
22 688
741 105
723 315
633 986
681 782
77 535
854 871
780 894
645 672
737 413
802 268
971 19
368 615
737 319
648 569
242 128
563 826
479 264
838 705
530 14
397 634
626 26
536 206
886 422
495 989
498 873
147 903
407 108
725 209
563 234
213 498
512 258
490 738
435 287
695 734
348 708
202 715
495 505
557 270
632 742
905 136
816 904
563 850
284 67
214 686
464 569
604 815
52 540
436 969
717 72
570 739
946 60
556 535
133 354
355 795
906 233
85 25
177 979
841 302
732 94
182 595
826 267
200 961
594 875
489 911
81 383
317 545
22 348
60 948
106 257
462 580
13 544
458 982
936 133
439 909
519 610
848 620
760 329
444 127
66 894
44 971
216 401
414 276
56 901
717 496
954 930
920 441
421 852
334 538
281 564
428 112
981 305
928 944
177 635
250 552
566 917
697 311
698 431
937 685
862 545
367 930
624 551
668 240
562 591
318 404
211 753
13 773
489 503
680 542
979 569
238 207
368 90
612 931
576 4
940 541
226 88
577 800
245 359
743 168
965 547
965 457
558 874
281 851
291 524
932 518
607 114
919 747
577 59
427 982
119 73
798 700
583 702
474 270
253 813
752 15
733 558
882 296
275 362
900 212
556 41
732 263
170 457
798 96
156 447
291 881
48 520
184 967
514 136
789 162
112 706
848 503
265 409
350 267
581 960
632 166
287 254
182 448
793 279
810 136
336 784
671 898
796 171
562 98
907 104
881 670
250 93
587 118
617 265
262 892
129 659
848 602
423 394
318 787
210 340
269 340
565 88
427 139
271 301
711 204
187 152
761 645
821 956
11 982
356 976
748 901
532 987
222 484
23 269
133 898
883 132
427 806
482 922
339 712
627 1000
842 106
626 175
563 815
115 996
760 495
595 869
885 958
637 951
230 503
245 289
603 229
589 820
851 901
681 683
810 477
238 765
132 640
994 103
834 412
428 864
360 950
859 985
696 138
578 788
976 795
538 830
78 800
448 265
84 82
711 701
892 761
452 670
472 191
680 953
861 465
476 735
166 135
464 558
975 226
406 59
335 67
482 917
435 333
429 325
888 570
662 830
514 288
73 830
455 351
721 90
723 289
916 352
130 485
211 629
407 980
910 177
870 450
650 947
928 587
687 522
997 430
907 503
46 929
189 467
286 319
276 105
203 89
184 219
131 91
128 755
985 764
689 549
941 716
799 989
28 958
848 969
638 878
566 219
291 714
271 416
917 573
185 108
575 69
829 342
956 433
226 310
796 1
134 664
246 668
340 133
366 351
765 932
315 269
125 922
56 586
879 314
848 42
789 46
25 602
60 735
66 14
480 181
425 596
427 933
92 578
819 209
713 476
768 300
623 252
254 956
717 839
25 929
39 351
388 629
744 486
282 173
618 358
377 105
430 477
306 416
743 618
215 659
96 483
376 69
638 702
282 220
671 602
30 508
911 968
110 993
845 898
397 393
183 876
934 359
593 731
204 521
723 779
461 288
267 930
211 95
85 404
743 56
486 296
624 196
805 454
199 955
695 982
310 218
720 157
314 860
61 481
562 6
564 294
817 27
711 28
986 240
624 339
442 741
476 499
493 555
187 640
721 261
626 750
745 481
392 23
125 369
356 869
823 904
529 992
282 832
897 271
937 874
347 679
139 15
773 538
888 23
501 811
724 901
817 496
230 250
729 374
881 73
273 933
914 941
406 426
184 701
494 549
386 192
771 509
104 76
577 880
729 44
401 433
311 399
824 750
986 894
274 188
698 9
993 989
298 765
718 534
958 657
834 369
47 977
546 231
915 296
841 78
380 350
954 439
296 96
388 345
570 508
135 371
393 912
250 235
108 875
841 991
839 700
940 65
933 508
348 249
187 258
684 643
847 209
923 865
246 418
911 455
543 263
907 830
322 831
911 355
821 860
203 477
59 304
598 283
225 40
427 891
990 354
103 11
819 362
337 689
806 462
841 598
628 666
790 185
923 126
480 655
387 845
737 706
637 596
563 881
250 131
784 2
287 81
549 270
456 542
147 611
5 438
743 445
84 14
980 827
303 305
87 901
236 449
80 767
95 51
632 368
745 380
633 585
780 165
268 68
578 657
309 715
823 524
39 680
85 43
337 242
464 518
185 789
361 878
656 362
397 547
181 257
147 68
772 14
663 418
588 42
83 44
122 81
857 597
234 413
440 831
185 362
994 29
595 73
460 673
962 988
373 64
245 827
108 758
83 66
877 432
695 425
773 495
764 431
272 190
815 804
669 889
618 694
729 329
732 673
822 483
851 23
660 55
364 404
239 728
351 686
262 767
588 239
854 357
984 196
624 857
457 602
347 62
865 583
842 368
539 735
652 982
905 428
652 168
497 952
194 112
144 778
880 83
146 546
915 80
276 640
682 205
612 14
600 813
291 329
783 73
824 481
769 998
346 109
276 112
458 867
253 468
772 630
24 233
42 415
575 934
279 656
260 7
178 943
924 41
141 655
201 534
182 528
842 953
347 816
648 542
994 461
960 784
206 79
668 14
190 133
199 688
139 856
337 6
251 610
412 825
950 643
37 73
112 459
812 91
408 508
300 521
844 576
638 264
855 770
626 52
287 76
403 976
312 898
591 547
775 811
100 468
503 918
230 14
30 443
948 987
182 632
53 864
493 259
918 300
419 468
22 282
83 485
305 867
88 333
733 992
680 113
812 609
554 598
857 443
613 424
390 808
809 10
103 47
31 786
603 181
70 875
162 8
979 10
275 804
693 615
663 457
351 411
961 371
579 188
157 728
928 356
159 544
89 355
991 371
910 953
879 474
476 888
57 765
621 533
612 60
923 30
997 486
619 418
268 409
949 488
269 944
159 399
770 271
516 716
385 521
901 224
781 521
406 11
814 372
119 326
283 137
66 827
375 295
103 354
472 521
237 486
529 559
147 678
613 108
298 454
82 996
484 926
617 34
519 173
705 116
92 283
826 423
790 92
403 458
21 903
942 726
872 185
766 956
494 510
417 183
110 755
54 140
438 625
274 750
630 943
168 458
791 354
316 1000
685 870
299 55
872 200
854 679
412 443
958 873
513 925
877 404
839 825
553 102
202 10
534 629
574 550
791 36
390 903
101 293
247 266
925 755
31 883
89 479
752 317
278 722
53 552
293 558
700 98
717 71
647 240
3 484
425 516
814 238
194 632
565 615
819 340
514 250
292 295
572 36
94 111
166 328
223 906
99 352
390 860
653 858
882 902
801 559
435 281
199 784
438 189
497 727
149 369
613 188
170 534
942 919
652 35
52 332
556 996
680 983
236 992
52 377
828 656
719 512
278 80
262 254
597 894
423 614
587 243
312 64
61 372
600 258
388 253
893 262
604 568
963 867
576 142
841 712
893 643
880 925
384 466
516 411
994 64
888 963
776 552
248 610
247 620
413 601
360 859
539 528
721 430
793 375
419 527
766 35
370 227
522 228
99 502
9 271
172 813
49 797
157 596
599 317
621 602
513 292
100 606
507 688
823 3
475 715
677 271
54 965
225 426
963 987
980 987
603 701
51 232
108 418
713 709
475 661
77 302
57 175
834 852
284 968
726 787
451 992
958 205
654 986
624 314
110 334
591 149
439 568
227 535
887 217
636 516
671 557
396 256
781 795
804 285
682 147
460 754
579 466
31 333
709 693
636 635
529 87
432 953
699 267
932 289
985 536
681 428
854 197
629 660
423 512
851 339
231 218
94 103
728 518
51 570
527 629
230 985
309 840
364 24
201 394
627 367
203 410
520 424
167 240
151 751
957 835
82 968
681 523
56 83
202 222
493 2
186 986
371 304
722 760
574 499
745 86
376 527
613 349
185 755
92 545
92 903
829 132
500 400
373 228
279 167
351 311
799 139
86 825
470 535
805 336
181 27
509 702
721 1000
719 373
114 731
57 80
885 456
369 609
742 67
54 843
673 584
17 916
501 305
957 555
882 11
93 741
849 836
404 112
704 113
214 411
274 843
641 27
364 166
681 252
202 658
611 127
131 658
761 334
942 832
134 397
962 2
854 619
807 752
802 581
150 890
839 328
605 581
236 949
241 869
937 448
168 88
21 789
649 84
388 270
320 793
375 136
726 401
457 754
563 548
451 715
638 893
773 45
345 506
588 95
495 530
684 304
25 354
886 449
686 290
653 661
449 340
75 523
268 757
949 926
732 36
243 504
237 205
480 152
24 550
494 761
973 739
278 753
870 633
119 169
194 599
614 658
654 372
110 410
403 190
306 873
490 272
185 136
682 310
298 641
562 672
376 541
911 84
397 683
515 289
978 109
149 995
103 764
726 424
818 905
196 629
394 672
548 191
938 402
255 832
418 369
238 118
95 272
628 707
597 224
730 259
730 852
807 778
163 703
238 225
441 142
826 345
226 569
337 215
816 659
104 228
138 995
877 708
381 749
166 641
364 148
954 411
644 998
497 229
663 956
960 974
724 340
389 818
51 571
226 81
503 739
548 87
414 671
872 191
387 266
721 976
3 913
423 8
639 254
869 40
562 298
194 647
980 919
198 858
983 48
305 964
548 627
361 989
438 662
979 395
128 145
123 37
503 769
420 830
646 243
722 918
724 598
377 580
230 486
160 761
506 288
881 439
471 55
678 181
416 408
554 879
458 88
497 856
956 372
480 37
228 643
870 214
941 894
963 90
160 29
697 421
318 139
555 874
187 713
394 754
938 593
685 227
578 63
938 666
649 57
967 580
92 847
695 501
864 10
132 856
494 547
975 243
940 542
915 531
695 979
990 963
665 504
591 693
722 913
961 207
215 718
943 902
885 296
997 289
642 111
626 40
741 525
938 124
978 906
814 476
119 37
817 358
360 940
624 585
920 501
436 321
856 67
537 492
884 989
260 23
581 47
724 457
337 825
651 34
138 759
380 716
690 468
273 288
56 799
398 758
718 747
397 52
721 83
595 348
390 932
467 871
965 853
565 177
88 933
213 573
772 82
100 376
908 712
20 524
58 43
667 485
336 142
617 984
338 158
721 148
926 504
530 394
423 196
93 904
548 858
77 665
3 968
246 847
725 349
49 671
838 980
514 44
311 315
33 851
703 266
537 321
816 398
656 485
215 266
549 43
568 96
201 949
769 816
347 125
834 968
367 447
663 738
243 69
482 950
46 47
892 27
241 951
51 399
110 407
664 799
717 461
668 418
684 418
460 143
406 258
885 922
355 931
796 587
85 731
655 700
927 846
87 791
626 90
589 924
721 374
775 831
778 768
429 820
452 619
604 888
89 874
473 93
938 586
650 112
191 80
604 530
669 874
660 508
660 41
473 641
298 918
479 288
85 883
174 107
214 916
909 204
655 301
587 612
452 198
73 116
282 33
976 968
170 108
323 998
924 450
429 924
50 467
88 34
693 80
624 948
125 558
790 16
365 107
330 35
31 782
591 506
719 689
202 351
137 864
421 871
482 659
543 359
263 890
624 3
291 413
436 993
435 304
939 803
60 15
650 123
134 152
154 945
102 987
410 912
676 321
3 90
471 313
453 990
681 493
347 826
132 362
406 888
717 801
78 958
97 350
618 13
528 328
140 505
352 7
838 181
343 521
507 944
436 277
199 926
663 469
682 827
855 794
991 386
630 326
446 231
997 983
432 460
382 574
842 267
972 667
904 532
732 856
978 622
452 646
360 714
927 118
106 14
469 912
63 259
17 990
293 929
241 368
849 113
613 232
687 219
946 909
726 567
766 53
34 930
434 847
849 932
291 810
435 913
184 858
630 869
426 536
482 579
212 371
743 604
12 970
623 457
513 127
769 784
112 7
639 631
919 152
61 82
961 377
762 961
942 126
357 934
656 35
785 126
821 157
971 765
199 804
633 130
899 242
263 149
645 853
409 354
554 811
460 88
708 609
217 10
487 356
682 68
593 220
884 56
884 501
598 415
960 19
134 735
319 922
908 280
674 566
938 495
698 651
421 40
535 609
51 257
186 626
423 168
608 794
366 64
475 35
214 610
903 898
57 216
829 586
870 247
134 851
134 99
941 369
946 108
620 875
930 2
288 894
123 493
419 196
52 751
682 265
185 860
938 671
171 551
724 396
834 19
355 483
567 547
285 126
572 125
59 469
859 460
95 402
324 443
976 219
496 832
298 308
697 302
160 445
342 917
428 504
360 852
293 127
847 952
131 803
117 667
575 804
439 590
790 430
476 288
216 527
414 107
753 280
509 951
862 189
793 815
421 982
588 385
281 67
337 110
947 458
925 464
753 9
48 865
785 435
217 350
857 755
698 33
403 495
590 115
764 944
173 816
961 815
542 331
288 996
364 362
593 206
419 524
578 698
705 290
961 405
859 569
356 585
928 90
344 401
16 926
879 862
905 959
753 542
627 411
572 739
741 109
757 126
577 744
623 967
48 596
776 173
895 542
342 106
270 247
56 191
771 261
455 276
817 130
59 218
8 290
942 805
311 483
202 692
273 312
392 612
766 375
360 663
416 98
685 464
59 75
97 508
741 571
886 75
390 305
446 210
907 300
193 769
711 738
655 113
307 552
757 535
881 6
572 222
493 824
22 694
95 4
760 720
814 135
227 555
94 832
844 567
664 716
863 34
695 79
309 304
562 263
168 155
494 738
856 715
942 43
927 136
315 462
815 235
272 233
880 926
234 714
807 632
24 47
243 165
22 304
790 338
999 976
358 109
556 15
823 986
342 641
328 208
220 70
350 240
539 544
929 383
354 294
617 750
635 155
637 666
711 731
782 825
452 676
82 81
338 173
528 30
216 730
274 423
406 440
59 612
633 993
432 558
99 860
870 27
447 867
648 304
691 193
216 629
635 66
824 831
841 871
822 307
457 219
663 127
665 580
790 575
745 648
12 896
728 261
693 1000
94 88
655 284
685 515
933 90
882 105
668 234
370 767
773 673
25 995
248 949
389 221
85 293
924 28
899 782
342 664
272 708
627 80
517 209
683 233
649 41
172 805
746 568
780 159
782 207
213 933
414 421
164 929
606 665
480 931
849 79
741 702
664 259
890 661
338 310
28 81
992 463
180 610
788 820
436 65
291 267
627 366
438 430
158 67
278 425
807 113
705 422
203 230
635 510
246 295
718 86
487 951
453 739
826 15
238 753
439 69
760 775
687 643
744 534
357 972
517 411
674 459
414 214
986 767
880 86
97 860
177 525
78 355
260 890
814 297
942 354
122 505
669 989
565 574
589 983
203 5
683 424
719 931
554 234
633 294
430 641
962 708
735 941
759 597
588 944
805 694
720 622
604 350
868 75
981 692
727 357
910 165
911 217
717 271
772 206
996 14
812 37
723 79
905 80
7 197
410 324
670 805
251 645
577 797
872 116
276 365
766 498
613 874
382 597
138 135
638 169
693 343
343 1000
182 997
346 671
771 416
844 639
77 327
810 571
25 353
578 665
744 870
691 938
881 751
957 269
470 67
806 243
537 49
848 127
554 104
260 261
153 197
867 970
774 41
28 643
839 455
984 761
837 825
417 584
551 560
436 198
566 189
534 779
241 464
100 736
928 150
529 424
597 41
786 643
92 560
237 494
347 594
812 928
801 240
903 754
146 559
302 929
671 941
375 352
730 145
915 71
487 764
910 975
166 133
630 510
759 868
546 145
362 832
543 72
230 285
432 574
708 159
966 374
697 6
236 646
675 715
919 643
557 989
9 735
1000 518
760 132
250 979
134 657
608 67
643 280
366 610
59 244
792 786
703 754
210 559
542 265
836 964
174 295
305 705
985 428
911 481
752 609
269 561
644 313
972 158
556 459
370 63
782 662
697 472
391 98
513 963
881 838
985 980
682 970
220 541
799 816
359 433
189 586
150 816
905 316
1000 41
194 224
964 55
513 2
22 566
896 714
551 88
847 431
838 163
264 259
137 659
892 126
730 65
268 128
473 472
457 310
38 128
511 410
242 295
498 496
381 247
173 434
355 467
563 214
431 932
506 400
142 98
821 658
717 982
849 584
278 570
168 974
907 168
211 883
122 285
51 164
896 850
219 499
806 579
13 990
275 505
332 561
178 525
123 575
337 410
979 810
763 233
895 638
305 932
503 793
859 768
553 379
938 282
809 340
505 749
480 78
56 170
616 405
638 625
501 557
819 216
374 795
912 91
587 705
489 958
509 205
385 333
537 322
76 74
630 545
187 73
480 61
795 67
135 738
337 626
229 105
85 244
656 80
120 214
351 76
769 474
289 206
183 758
203 73
866 409
883 728
701 544
605 47
84 933
887 622
599 629
780 177
16 846
919 431
92 652
250 779
918 510
701 998
940 610
298 933
12 796
135 79
656 169
983 779
97 934
180 596
571 454
114 424
554 207
38 500
222 81
421 527
686 430
826 504
133 538
378 65
657 206
821 197
274 205
203 241
717 587
973 461
665 932
924 714
445 351
356 465
80 354
397 838
513 933
414 753
347 203
882 777
955 69
369 858
474 851
834 763
446 697
367 35
434 334
734 832
606 622
899 992
681 949
556 327
719 917
613 434
153 825
539 984
819 811
979 824
435 336
671 301
51 620
268 222
161 551
483 580
293 860
57 195
368 109
596 784
647 835
800 152
364 188
723 694
527 418
910 147
895 883
56 976
966 393
416 989
934 821
797 333
979 534
680 998
410 871
640 136
299 496
456 36
348 242
187 858
829 263
810 971
575 946
743 268
762 133
382 683
780 891
21 566
230 866
683 507
979 705
780 489
637 293
12 67
627 835
927 764
514 720
877 140
53 143
184 82
184 391
882 738
995 266
689 670
788 951
905 892
417 169
182 765
419 208
737 598
826 941
95 917
401 976
608 947
899 163
961 834
796 754
554 354
412 81
796 166
548 115
949 374
553 693
626 421
430 126
792 996
479 972
666 23
851 162
870 66
224 873
33 551
123 1000
495 561
624 131
917 19
395 240
8 867
633 939
246 632
262 765
709 971
351 300
444 585
303 30
729 947
396 803
49 159
612 620
899 798
80 218
687 900
410 269
839 118
654 925
745 257
557 232
697 413
953 336
438 610
790 722
153 672
191 858
119 455
251 240
624 630
696 408
952 205
537 463
866 431
494 596
908 840
647 904
812 337
780 264
157 81
506 629
434 259
697 196
200 929
936 619
187 985
347 213
687 348
119 985
44 88
76 10
759 904
806 469
927 738
623 622
160 914
536 245
885 206
432 760
942 127
924 811
780 955
638 270
909 846
345 933
548 431
802 877
915 932
54 630
954 575
884 906
884 327
904 797
872 911
389 768
49 77
211 795
198 400
543 344
862 219
20 247
4 540
536 254
203 625
301 356
781 399
284 233
621 80
822 910
287 876
291 671
474 483
347 324
593 108
543 483
939 463
73 55
392 197
564 411
214 958
910 651
855 723
514 701
180 108
384 52
994 437
423 493
281 121
920 15
725 195
214 466
161 198
345 609
959 659
805 950
193 496
792 32
42 28
577 575
119 868
801 229
11 233
322 316
839 257
452 5
469 929
275 516
882 804
519 850
168 596
478 508
389 922
446 176
690 713
269 372
514 334
384 156
209 433
186 24
829 412
936 16
50 908
777 289
386 845
542 430
376 465
820 735
124 764
440 544
660 256
146 327
511 635
348 500
22 903
124 45
762 551
99 558
689 272
781 735
565 653
315 352
680 152
916 662
331 485
223 196
572 73
704 755
281 243
154 867
192 466
442 912
212 128
214 659
837 569
52 988
881 12
937 370
618 11
3 538
991 853
335 977
650 783
621 967
837 383
178 483
964 19
217 132
578 288
200 513
190 551
680 227
42 492
243 46
681 281
902 90
946 339
177 217
124 160
324 469
452 32
327 950
625 731
681 134
428 158
277 142
772 666
563 861
984 81
452 559
877 943
17 254
509 245
646 953
812 465
367 875
690 223
690 949
13 959
269 394
967 631
161 831
551 387
574 559
810 913
187 487
978 47
478 35
636 726
175 458
177 991
17 898
442 951
623 102
878 730
382 351
517 821
57 564
611 509
494 739
975 750
759 173
924 985
905 825
357 3
674 240
306 462
841 718
681 226
649 598
744 84
578 998
303 936
713 113
548 451
324 824
780 312
618 405
489 138
63 891
360 490
836 777
763 827
322 265
940 969
966 833
642 222
440 86
667 561
318 400
644 754
984 374
434 222
255 831
402 951
420 426
170 740
904 535
743 737
91 466
673 80
820 350
568 431
216 634
914 656
440 73
937 587
480 72
727 761
8 465
635 767
688 284
291 960
708 574
251 758
279 483
134 643
877 492
255 541
788 441
717 493
657 372
495 259
742 295
814 984
670 843
51 953
56 706
733 152
146 82
719 366
893 573
657 620
668 243
379 75
981 569
918 46
893 978
250 852
287 242
92 183
385 209
993 932
984 602
519 627
870 482
407 14
388 667
251 542
268 336
786 405
342 814
769 574
183 550
95 299
691 737
905 46
62 416
690 352
670 803
656 126
969 165
89 825
492 755
572 373
899 223
187 721
777 977
206 853
687 745
691 823
484 596
417 852
915 498
445 175
704 982
120 795
724 980
636 393
690 740
512 716
640 555
475 62
528 549
204 536
309 972
211 59
563 883
375 68
412 242
177 648
322 998
969 558
678 765
983 228
664 753
704 825
936 715
442 694
520 629
759 951
578 417
263 567
636 111
780 580
911 725
306 105
896 516
322 379
187 637
612 894
136 831
425 250
778 702
727 976
925 317
670 949
303 249
927 900
87 235
880 264
453 434
153 987
899 715
115 128
150 73
717 510
153 398
427 795
773 581
633 597
728 929
839 104
490 508
843 550
110 43
817 683
644 679
270 98
633 415
798 329
818 238
140 441
711 487
503 930
287 113
236 82
608 235
203 212
213 961
868 693
971 948
196 547
617 454
836 990
636 531
141 33
658 205
489 859
635 286
184 135
283 532
186 247
880 777
559 127
564 960
102 667
361 560
966 23
677 437
897 572
497 557
473 674
756 4
151 647
704 407
298 258
709 996
586 374
28 977
656 991
202 53
218 224
678 33
753 551
159 218
534 912
371 555
297 541
687 989
691 406
48 484
785 496
625 174
441 152
934 723
259 2
795 116
337 489
727 235
123 18
125 181
786 273
881 575
897 306
681 560
940 403
442 356
281 162
706 728
502 447
472 596
542 560
533 852
385 631
371 496
957 329
975 926
652 748
51 933
505 941
403 249
823 288
808 434
695 986
275 685
645 289
741 919
371 980
99 251
172 227
49 530
340 247
717 655
847 736
131 651
285 629
999 432
318 217
505 596
955 54
36 3
147 227
137 987
744 584
443 526
780 704
431 532
985 37
324 15
417 443
54 944
76 206
367 143
834 873
773 281
349 716
170 608
298 955
650 212
942 548
449 970
796 908
893 911
966 613
255 284
509 561
642 128
132 294
577 108
56 726
577 794
225 525
489 223
780 921
892 118
910 333
969 714
676 117
282 366
664 130
186 330
828 909
807 482
961 894
861 107
339 830
247 601
446 415
141 535
708 357
957 917
866 943
124 596
838 55
431 858
452 67
843 629
879 232
99 782
144 757
459 871
815 763
45 204
798 282
250 449
531 831
579 596
127 901
238 557
741 340
559 109
962 515
311 290
286 573
503 902
87 493
182 736
293 837
554 863
350 779
783 702
24 104
613 362
775 143
687 546
63 137
445 350
564 223
20 312
744 990
877 112
131 943
200 830
555 289
829 269
5 918
134 183
210 245
837 827
49 750
657 932
501 357
306 544
128 731
56 349
274 953
97 614
298 486
390 384
502 645
491 195
451 1000
937 18
984 867
307 921
389 600
475 421
844 349
668 145
574 889
613 616
889 247
548 145
655 557
893 445
17 732
380 336
953 658
92 426
392 76
772 324
671 270
848 567
776 340
189 310
246 836
134 601
773 591
48 341
123 62
798 628
428 917
752 398
438 512
790 341
403 831
61 892
207 205
478 23
480 712
653 430
927 19
875 738
497 753
675 316
146 721
167 37
243 76
958 816
317 67
182 991
121 552
221 738
12 393
184 939
23 234
745 74
240 931
511 296
791 234
172 378
541 468
138 908
965 51
656 833
697 411
734 447
644 963
576 777
663 987
792 159
633 131
335 847
176 972
11 336
414 815
327 754
793 115
593 894
351 79
448 656
260 91
732 571
514 354
823 518
590 834
681 572
776 441
632 926
997 287
49 934
49 361
303 482
711 231
639 68
958 477
537 263
92 265
763 74
771 693
169 93
111 530
633 27
255 64
138 122
489 243
783 847
892 302
161 770
241 40
940 878
722 269
762 634
337 906
708 913
484 79
158 136
696 559
217 7
768 433
327 755
182 169
410 14
865 294
114 252
421 795
923 713
817 78
174 8
123 992
253 529
434 845
255 231
935 570
633 365
77 985
575 174
425 67
689 632
446 536
12 447
134 662
553 351
899 656
426 860
668 499
636 926
723 803
390 4
720 94
70 902
823 139
842 717
60 672
511 431
828 355
511 879
565 262
502 197
11 334
903 875
216 289
228 105
628 987
186 671
849 104
705 995
996 233
946 505
392 375
526 702
618 880
795 224
978 158
971 96
20 810
972 319
260 728
743 764
880 53
817 208
546 270
432 365
993 615
342 94
905 157
291 623
842 613
902 970
537 702
829 369
170 656
49 500
361 983
469 73
279 544
741 767
381 354
664 567
789 971
253 630
994 37
230 734
457 601
635 579
742 869
816 556
806 998
889 86
134 552
255 713
949 114
848 861
441 601
975 362
155 912
872 414
13 797
821 902
382 153
706 858
735 192
51 634
385 244
978 205
686 362
961 44
713 264
16 552
493 614
296 190
426 411
687 615
76 266
619 952
566 127
52 46
822 21
346 783
972 79
502 656
813 483
816 329
281 549
687 446
800 952
304 189
263 958
214 325
969 983
717 925
95 578
331 629
403 864
940 311
881 911
691 843
358 996
808 941
588 910
862 204
789 694
349 73
242 133
914 50
720 523
562 561
211 591
160 715
178 806
378 555
953 258
790 545
717 767
849 750
87 9
44 835
424 98
669 454
773 484
600 669
743 307
531 976
991 32
200 736
664 517
882 964
576 679
829 118
722 336
82 102
905 606
457 874
376 620
50 127
603 456
144 248
623 858
607 289
813 86
404 247
459 561
761 606
650 4
57 518
156 631
802 459
567 2
384 352
955 228
739 254
99 838
813 307
444 314
627 294
321 267
267 339
819 350
982 830
382 577
182 354
511 935
386 383
6 129
905 35
677 710
548 460
201 164
346 112
476 7
442 525
792 928
650 611
685 853
616 175
689 207
781 545
322 57
396 667
695 843
221 564
849 631
993 398
923 827
43 736
666 477
563 908
528 218
286 549
31 441
288 265
382 761
130 740
771 526
630 259
983 116
189 71
851 316
190 736
121 735
620 365
819 679
876 332
273 244
534 142
862 267
628 138
612 567
161 787
636 273
480 586
63 889
920 343
211 970
812 486
144 658
644 327
646 615
886 918
945 395
150 171
106 921
640 113
96 41
746 537
241 268
828 653
978 30
337 174
282 108
49 868
589 437
505 349
30 993
470 898
808 898
100 79
236 864
555 552
151 440
115 538
366 990
406 815
227 277
997 302
817 714
304 379
882 926
519 262
403 926
126 825
135 643
154 654
600 882
713 98
842 787
684 527
168 84
244 326
572 709
444 225
120 98
28 941
250 467
778 530
896 445
588 406
842 425
273 271
866 349
594 259
208 74
997 198
321 365
780 871
999 365
345 684
16 242
189 240
117 779
154 614
391 328
51 437
412 869
698 47
897 182
241 905
899 269
150 145
940 236
330 69
28 328
563 579
199 988
396 228
345 590
182 701
192 510
511 660
497 474
884 433
537 744
872 900
75 398
770 951
798 97
32 53
872 763
531 678
954 973
184 368
666 956
540 552
1 736
475 977
330 116
548 75
31 404
824 267
287 993
454 336
16 753
595 306
687 827
998 747
644 657
213 860
8 540
850 293
489 969
146 977
486 832
366 667
277 767
924 173
889 757
265 504
598 810
32 898
434 481
124 496
54 820
456 3
184 96
721 800
406 76
562 997
618 364
982 462
740 491
513 261
217 64
382 650
584 431
222 804
632 11
355 827
805 672
760 297
177 296
505 939
108 545
87 671
364 461
916 354
647 27
228 845
135 499
780 95
563 793
855 288
893 408
895 404
299 964
826 38
772 353
627 811
131 206
519 9
602 573
82 835
212 630
882 317
859 978
900 104
533 655
260 383
880 288
760 653
165 968
742 813
676 992
273 918
33 75
343 295
182 99
347 279
792 136
278 13
124 50
562 440
375 189
737 697
696 868
375 379
708 610
511 311
59 837
776 209
171 271
409 67
563 171
857 471
486 115
174 538
677 580
126 218
163 995
621 457
325 354
668 860
426 339
281 57
962 417
870 286
798 668
89 443
269 466
932 504
551 508
759 416
572 839
442 902
739 10
562 988
320 470
85 559
927 626
213 345
958 416
592 829
730 949
22 613
97 239
151 868
681 274
278 585
808 1
375 591
893 579
947 992
748 458
309 3
861 229
236 835
203 877
39 526
133 10
246 653
890 218
28 317
817 733
512 787
251 428
605 224
733 43
236 517
627 143
627 706
367 506
421 917
939 224
208 852
780 220
799 192
565 487
72 153
950 409
183 752
624 652
938 10
100 978
595 39
123 152
338 379
854 741
177 917
664 571
859 81
897 969
436 499
387 374
623 1
633 918
151 263
281 348
694 622
375 179
720 88
142 930
415 583
273 107
664 678
239 574
186 540
868 731
133 462
281 461
769 377
638 933
590 34
128 40
554 860
293 811
623 47
704 667
110 472
798 53
842 456
451 343
253 660
839 696
92 534
998 332
718 315
317 926
435 311
598 75
528 718
20 114
124 620
16 498
161 692
254 294
92 645
881 281
72 713
571 912
669 788
605 947
85 418
358 192
475 579
17 578
697 415
182 434
899 883
168 65
792 268
789 234
134 122
925 307
798 870
432 465
268 175
911 760
21 80
147 509
747 757
24 292
824 580
317 352
887 713
852 349
525 988
168 127
16 815
344 684
617 430
20 228
167 520
994 324
138 510
173 865
762 149
581 447
269 813
600 978
760 174
52 309
346 755
553 707
110 103
493 165
20 331
683 509
386 23
80 86
577 883
45 882
251 616
22 766
804 481
953 809
199 930
37 67
826 399
323 920
918 121
498 311
406 983
26 500
360 686
210 271
798 873
178 590
151 105
503 919
786 785
759 231
330 661
957 199
628 201
168 678
812 573
859 226
687 110
445 367
543 352
577 96
780 828
934 488
447 307
701 467
169 377
448 244
134 159
262 504
247 873
528 129
563 560
215 277
473 655
789 657
149 716
981 3
349 596
798 961
432 714
713 276
566 662
109 462
642 776
147 410
147 516
938 965
955 742
255 916
870 793
174 224
303 338
656 286
381 666
38 165
699 765
629 569
688 37
135 143
962 73
817 391
412 535
344 272
986 700
843 982
492 248
900 748
334 672
598 556
331 90
356 2
534 586
320 1
883 252
759 26
58 536
893 266
597 156
565 725
565 963
893 470
490 53
286 890
475 126
419 989
24 609
260 132
740 692
110 859
745 569
159 71
195 674
287 509
269 749
698 26
202 7
826 957
442 630
386 267
150 336
723 14
335 651
637 23
12 670
344 279
822 326
876 989
95 728
469 659
348 217
677 935
115 254
582 693
759 740
478 356
598 634
528 869
453 585
965 326
160 685
89 568
777 159
127 976
770 340
368 631
719 316
132 378
885 36
298 475
635 939
337 684
924 986
999 28
909 244
655 261
805 488
454 206
37 126
610 784
772 231
22 898
519 448
558 560
688 990
85 311
855 488
253 704
892 70
364 192
823 131
366 602
644 953
966 860
790 519
834 475
800 308
432 76
571 610
924 508
895 510
880 586
458 657
420 40
701 510
534 463
812 953
119 791
29 523
191 524
502 484
213 196
654 858
531 163
351 867
175 400
886 853
455 271
836 60
106 651
837 261
140 635
897 556
957 840
628 788
796 256
539 237
683 552
999 166
797 450
896 547
604 748
897 193
990 400
46 224
579 483
134 573
356 485
123 466
895 592
548 558
966 853
53 387
607 315
938 398
646 87
591 903
720 941
870 987
173 265
691 257
838 688
51 158
324 541
56 670
649 106
573 659
834 607
151 139
815 693
597 205
449 945
603 263
486 931
604 15
253 471
985 645
240 569
99 977
761 630
246 768
743 735
680 972
162 787
435 720
991 975
649 60
868 176
637 845
18 560
908 735
876 116
674 44
125 782
966 844
202 387
577 373
315 986
9 155
597 890
690 761
345 662
962 400
362 774
866 205
309 232
111 316
367 491
576 11
773 783
6 247
815 858
125 28
618 87
335 870
7 873
675 228
388 293
540 14
384 470
992 827
590 394
900 998
685 963
445 873
962 53
618 486
18 261
287 635
537 106
147 995
24 823
999 619
980 14
691 670
174 374
33 610
766 460
159 573
807 755
883 765
138 140
756 671
774 10
703 944
26 252
847 175
84 509
746 24
729 443
198 269
914 856
571 424
180 767
696 372
616 334
283 569
392 551
857 932
33 247
971 329
672 219
6 343
854 431
77 710
120 545
812 639
834 534
691 630
322 600
566 65
72 261
128 930
952 959
380 341
367 214
25 913
355 694
706 754
543 910
260 424
621 410
358 706
86 672
3 372
571 231
717 124
594 627
149 69
260 216
134 689
316 728
594 72
451 165
108 386
970 485
1 27
621 744
848 388
314 247
575 654
893 259
45 261
194 10
947 632
213 864
430 705
235 340
673 399
662 508
327 300
776 133
862 672
9 570
267 465
732 734
513 76
8 702
200 321
648 876
683 284
169 873
940 824
814 300
263 37
691 748
835 846
390 745
470 555
182 993
323 645
271 336
77 331
776 483
260 540
317 18
390 424
910 488
412 266
16 40
270 295
456 874
887 791
535 660
242 797
595 649
460 574
150 925
762 906
617 306
192 853
529 963
451 484
416 247
282 404
788 941
364 162
347 122
500 856
895 570
25 447
957 542
635 655
445 319
886 553
30 566
548 45
31 676
911 518
434 998
273 374
149 555
97 285
202 479
134 528
618 169
