1000 9895
379 314
419 695
955 601
281 698
276 578
676 316
603 75
566 381
803 541
919 647
797 39
467 828
195 749
683 64
649 496
906 481
394 733
17 654
843 774
312 958
593 339
740 390
449 251
142 6
26 201
43 719
571 769
308 729
38 454
792 742
888 891
333 826
818 29
448 44
251 247
883 896
311 443
390 814
616 569
753 704
774 960
477 960
10 789
49 761
917 568
554 898
370 823
888 712
46 30
233 501
819 282
966 415
768 153
116 422
619 116
344 553
552 14
382 33
63 718
875 864
235 449
1 137
917 395
6 922
409 924
284 792
874 40
858 693
570 353
42 966
171 758
353 527
319 310
470 934
732 13
546 684
760 958
23 766
63 829
154 635
638 931
286 84
292 717
542 165
121 885
34 900
676 555
593 450
683 392
209 234
29 927
885 132
693 168
492 607
856 970
854 341
341 782
379 183
808 877
848 230
226 734
777 214
464 343
462 966
263 755
485 559
181 870
679 43
657 521
450 777
109 4
990 663
439 238
463 573
209 694
527 68
299 560
807 724
494 561
297 27
43 555
688 676
748 876
730 483
325 973
848 144
856 726
937 613
711 9
566 820
365 589
558 900
299 867
193 484
948 636
786 129
457 447
810 637
776 293
724 475
106 990
586 452
515 960
352 306
408 580
282 421
859 646
849 205
827 835
828 504
956 165
814 63
625 660
862 715
530 161
562 191
283 930
620 905
579 970
487 642
755 658
336 516
63 627
708 356
102 991
897 984
853 797
680 477
168 753
673 628
51 904
358 260
254 885
257 301
719 789
794 764
873 93
216 888
87 79
2 539
279 776
508 87
402 708
919 300
668 559
467 918
673 199
381 432
347 320
777 865
794 769
529 757
147 733
233 617
472 943
34 650
473 410
610 749
332 107
192 574
9 88
318 210
670 263
798 856
892 147
469 78
237 34
368 351
4 965
521 245
713 945
346 682
162 19
792 512
901 226
117 749
191 518
351 361
303 184
568 39
293 114
296 298
478 54
463 858
486 621
549 769
623 624
383 255
265 610
145 468
171 323
93 310
957 429
649 964
852 197
139 562
770 880
633 978
886 492
11 636
726 581
982 947
680 125
883 662
221 3
813 319
26 19
559 431
961 628
162 457
490 36
590 531
810 883
660 133
395 251
750 853
141 467
57 424
813 481
345 805
366 973
718 358
186 191
847 134
617 881
390 461
484 440
505 899
952 603
453 611
36 477
898 272
681 896
133 613
996 467
673 528
477 759
983 823
694 142
756 331
980 886
488 217
767 733
150 687
693 383
612 320
741 67
355 792
673 227
363 773
760 691
481 850
498 784
280 483
542 415
899 126
359 849
160 137
488 262
90 454
350 940
133 74
246 717
337 551
604 739
231 236
517 212
867 619
601 867
838 528
404 621
916 534
593 647
502 5
285 545
911 797
92 769
199 991
570 657
387 209
406 351
924 926
875 426
749 397
238 754
810 275
277 944
1000 957
142 500
169 314
705 152
514 446
110 967
205 977
478 479
830 560
395 825
503 824
491 848
643 111
663 112
124 153
96 298
966 451
97 426
6 556
406 968
729 605
270 977
162 742
624 389
594 805
225 334
63 570
874 53
656 384
548 182
552 305
435 855
849 497
831 545
580 359
21 387
461 124
817 236
466 978
30 211
305 464
825 745
235 304
427 965
108 774
932 922
204 384
498 165
618 956
251 999
893 300
20 713
441 835
333 757
284 415
855 848
893 413
750 126
797 215
327 384
937 460
756 826
260 39
282 539
209 585
397 378
808 575
481 713
725 422
268 745
36 310
951 932
109 833
494 645
387 205
354 40
942 665
321 849
179 175
550 98
990 101
98 37
235 900
900 260
278 144
743 484
157 961
395 980
148 644
573 165
150 94
795 407
300 975
747 126
908 322
201 22
936 223
22 4
685 316
210 988
603 863
782 514
735 614
495 781
670 572
136 790
926 585
747 156
89 794
718 303
284 793
694 264
570 366
417 348
881 791
98 843
814 877
817 191
676 886
91 446
860 986
992 419
711 74
663 600
903 73
390 36
148 228
631 221
556 115
997 15
300 305
17 813
159 638
113 644
150 855
398 333
219 304
916 394
963 313
152 375
190 147
301 834
411 706
857 438
712 367
91 890
973 376
422 454
540 701
206 601
743 542
138 921
838 958
360 777
551 31
854 999
151 909
108 302
551 492
865 877
795 902
82 342
125 57
696 193
327 221
844 457
841 760
443 544
762 846
190 815
504 562
636 875
13 846
435 132
679 409
858 471
959 269
585 309
588 853
874 550
965 653
362 466
490 303
993 348
80 851
979 289
852 17
945 465
936 681
488 953
435 467
734 213
917 603
165 710
684 954
478 407
983 750
163 509
127 948
751 939
617 634
173 204
861 127
862 712
899 350
214 651
235 428
590 726
737 162
704 341
429 260
747 265
716 856
119 699
860 223
405 860
410 706
827 383
209 68
707 197
33 502
785 935
699 953
591 639
6 451
744 350
281 704
446 138
998 599
674 208
603 5
622 291
548 642
364 631
402 218
702 347
613 100
324 945
18 260
848 59
959 217
63 276
156 154
319 894
13 575
363 582
532 365
610 605
220 785
902 939
83 967
708 622
86 206
489 784
753 579
184 834
896 769
166 630
44 953
763 627
491 440
972 393
502 216
804 722
435 273
878 551
302 808
576 785
539 135
44 735
61 215
635 318
691 64
749 714
956 100
813 685
689 615
211 167
69 205
14 582
515 63
917 639
3 211
558 131
227 945
896 694
326 839
845 749
429 70
235 507
148 402
757 402
335 812
357 804
931 109
895 292
534 474
537 422
277 99
315 272
322 998
529 570
803 39
556 277
194 96
836 37
400 804
971 790
201 526
741 352
264 636
851 416
45 425
765 122
802 228
452 445
517 543
834 693
375 855
471 524
876 964
976 206
604 382
671 427
597 617
972 922
21 546
688 289
462 908
925 12
75 281
282 661
946 652
10 456
605 905
750 210
734 567
976 379
126 775
604 659
338 144
655 2
857 57
967 68
606 412
277 19
389 514
288 379
986 590
571 852
790 566
330 755
796 195
486 665
217 436
108 266
809 88
538 390
499 606
481 511
552 336
549 6
326 623
550 289
562 403
302 110
857 757
641 544
3 207
265 596
157 798
84 802
127 952
490 25
533 611
40 328
149 874
809 796
742 283
121 291
733 124
957 628
724 865
219 835
214 691
464 956
36 355
578 814
832 706
281 380
104 697
147 648
106 491
987 366
220 375
93 767
167 856
85 831
216 898
487 939
54 202
384 994
977 485
124 394
778 554
401 192
397 949
164 896
897 341
591 567
243 477
6 395
357 365
305 632
132 764
648 988
226 568
902 849
996 52
688 461
564 336
51 447
855 269
859 276
264 84
372 925
564 199
911 82
125 739
602 417
108 346
145 224
226 909
706 387
486 603
86 353
235 857
570 690
826 792
773 895
244 729
834 383
697 557
37 52
130 374
745 28
590 606
843 324
4 466
723 922
279 200
83 315
908 824
453 703
628 613
554 896
224 355
171 812
622 475
653 76
31 840
15 747
936 192
813 262
904 574
562 6
391 176
84 838
535 217
538 47
775 718
561 326
844 715
942 197
28 797
822 241
270 946
676 913
811 762
7 497
484 482
847 287
362 962
614 92
927 416
393 694
286 203
289 869
769 51
76 555
992 420
846 3
162 195
430 746
988 848
863 985
464 66
323 211
877 552
180 360
366 87
612 683
924 639
625 508
301 664
86 854
238 83
8 648
285 164
678 645
458 552
618 276
872 86
914 498
578 692
532 330
286 730
48 254
556 688
981 973
750 138
460 364
946 551
657 920
70 759
1 924
164 632
368 19
333 843
868 964
625 253
933 140
992 728
517 461
919 361
744 733
249 225
726 861
620 432
259 98
257 581
738 22
518 824
687 211
908 220
876 232
361 676
149 704
762 259
943 810
432 380
677 662
435 579
934 667
980 217
836 925
84 858
268 161
452 902
555 831
420 356
25 108
852 359
210 998
984 599
345 184
352 417
832 667
427 721
871 794
983 956
966 554
127 634
232 454
216 971
124 748
988 901
517 681
391 856
236 534
608 144
884 325
831 350
889 681
410 882
103 675
345 395
272 895
863 969
59 601
423 216
726 467
424 933
367 911
685 534
817 614
431 674
252 477
56 176
493 37
207 843
599 723
247 90
605 932
769 607
346 825
367 621
99 451
917 345
873 552
35 939
342 805
592 192
576 709
613 726
242 355
901 485
359 610
420 998
758 364
322 448
734 261
866 133
558 567
13 194
72 642
938 665
389 719
359 465
514 472
697 982
257 929
476 339
921 458
98 349
926 853
247 700
13 420
344 965
498 559
684 927
366 986
81 758
391 363
838 144
876 355
145 645
44 397
874 332
338 694
37 512
685 148
343 368
508 288
419 465
239 176
993 916
559 544
607 913
945 980
157 238
16 690
399 337
754 409
82 687
232 192
327 723
807 197
95 147
777 818
209 304
843 561
705 560
9 233
542 413
467 805
527 363
288 320
532 147
420 725
683 89
740 30
873 635
626 279
420 548
152 590
959 845
766 868
60 498
27 251
490 563
491 278
199 985
915 344
40 894
757 543
294 823
170 737
395 716
674 689
180 758
239 973
644 9
810 273
633 658
948 391
861 994
221 323
562 257
692 908
72 525
144 234
866 75
287 249
969 402
885 707
292 415
322 604
98 720
88 196
637 957
177 199
430 787
417 688
903 304
745 516
597 619
413 120
63 548
15 897
570 328
332 523
828 640
390 431
301 768
487 597
510 398
276 66
975 704
51 962
659 515
718 821
388 555
593 786
141 953
474 118
510 616
497 831
907 334
677 892
750 290
293 611
47 596
911 191
569 460
915 184
608 422
402 925
759 321
171 216
427 370
265 403
513 661
749 655
864 655
707 331
29 331
69 814
711 371
647 951
339 616
212 730
52 899
369 501
391 449
763 632
122 352
142 180
551 296
114 599
536 73
635 411
361 770
397 538
967 440
809 42
611 146
47 494
478 384
273 357
10 784
377 217
308 873
745 710
192 194
913 806
823 319
770 169
331 870
685 331
390 361
317 711
490 141
441 108
645 921
978 102
172 433
899 316
513 363
607 715
22 61
873 469
942 738
395 483
824 751
837 141
254 860
238 321
681 990
482 344
681 334
465 91
12 616
125 209
343 30
200 280
38 744
76 443
737 471
884 354
543 324
150 762
907 285
494 9
591 613
267 523
55 936
575 177
878 998
512 940
436 49
275 117
318 53
714 696
655 158
358 810
198 543
588 147
401 319
274 199
494 474
937 302
960 601
152 902
2 898
191 495
655 444
753 909
17 504
456 808
494 564
867 58
739 116
316 131
355 383
45 96
951 571
126 112
123 632
382 478
503 350
828 149
791 3
944 476
979 144
942 4
582 31
931 789
511 471
811 454
278 924
137 792
359 227
72 803
823 176
666 125
408 357
889 876
747 378
229 735
371 158
978 74
651 368
817 72
607 821
380 720
987 312
590 839
224 844
98 877
998 152
943 680
306 862
91 412
71 966
916 219
243 201
48 489
807 760
488 224
962 408
633 519
128 195
177 548
622 438
4 531
741 44
968 904
402 850
167 214
741 189
411 672
854 372
493 36
703 113
190 28
981 895
708 985
322 140
783 41
359 147
170 488
468 789
216 294
939 634
401 180
922 478
522 660
652 811
196 242
329 474
271 411
368 48
244 739
354 127
350 626
711 89
469 286
435 226
480 672
38 269
576 996
496 406
610 202
343 862
52 665
719 483
151 87
101 792
463 161
763 487
636 623
633 667
268 401
623 851
93 164
294 581
108 812
411 443
804 434
518 946
793 571
235 364
201 44
113 706
689 839
616 929
103 173
106 211
732 803
913 639
515 223
556 497
115 803
462 52
174 360
832 138
954 212
576 334
119 744
751 487
382 350
885 621
353 564
581 868
573 354
346 311
916 255
596 376
804 826
582 752
798 255
121 833
347 131
685 855
501 890
281 561
896 18
394 364
615 715
746 470
783 636
631 433
299 450
449 497
432 737
34 685
643 873
368 751
475 517
369 58
556 746
98 93
706 155
134 400
651 809
364 891
403 337
388 27
943 331
880 240
503 320
647 267
36 533
937 737
43 743
27 250
696 686
285 574
587 482
623 544
682 434
59 802
792 654
1 422
568 437
843 205
867 195
465 775
529 446
417 996
218 869
96 735
79 804
615 694
67 868
726 757
350 265
724 30
212 234
585 880
13 455
697 866
949 74
828 460
761 23
923 480
525 108
775 589
286 416
145 608
560 178
3 350
906 533
390 642
762 427
266 948
894 164
778 998
55 18
132 989
906 740
135 218
875 777
957 995
561 58
193 926
15 561
296 757
832 627
82 366
335 544
673 561
401 790
882 457
789 907
544 834
841 628
369 363
265 176
671 504
308 242
882 171
53 162
756 615
902 855
81 345
359 886
285 847
199 265
365 33
504 715
7 646
615 378
527 511
839 313
454 985
769 947
666 785
869 738
639 802
914 178
468 35
967 443
880 483
734 450
523 987
257 639
331 426
259 153
250 342
849 790
41 849
261 928
188 128
740 853
64 414
463 14
727 877
268 40
363 409
917 693
258 498
520 897
491 364
667 850
783 872
509 205
700 154
651 155
374 921
966 701
20 671
132 945
298 638
278 696
153 363
266 138
694 218
841 889
864 241
862 924
742 246
569 63
406 680
254 940
257 374
918 525
745 35
105 156
380 2
898 761
225 811
834 763
138 162
819 129
734 832
54 502
88 949
518 65
464 444
7 964
138 821
347 881
363 718
643 784
972 988
756 635
501 596
427 337
892 139
30 654
536 783
901 121
789 79
872 231
751 689
331 10
566 750
109 145
769 776
508 753
296 306
959 533
619 588
752 363
644 51
331 266
317 181
506 254
623 713
148 837
536 715
991 277
389 745
83 673
729 222
991 457
573 85
265 804
822 956
642 302
120 850
620 231
801 987
823 258
60 154
64 361
943 933
692 667
767 225
568 937
86 723
327 706
776 662
430 955
414 348
141 572
14 826
901 854
480 328
851 171
943 763
196 28
513 374
452 166
741 760
814 652
764 591
876 829
520 187
242 801
828 568
557 150
155 890
950 463
932 590
607 972
685 882
445 525
873 210
489 729
833 620
891 402
319 901
238 47
720 218
494 149
662 860
596 965
423 171
190 178
119 248
229 872
530 599
159 893
74 939
517 875
393 253
359 958
17 697
532 360
96 802
378 148
640 729
75 92
995 31
764 320
947 928
821 903
255 351
862 402
501 251
286 905
433 619
844 383
937 43
829 13
903 778
235 944
112 133
168 119
10 838
784 801
326 152
454 493
406 787
411 442
415 466
423 851
75 617
937 537
634 488
176 640
563 812
842 221
736 328
534 284
149 851
317 669
357 976
261 969
774 569
353 873
279 577
488 912
395 76
159 255
953 554
970 712
225 407
561 29
814 825
138 294
996 887
488 831
417 357
572 763
149 166
963 302
157 379
160 705
267 231
159 285
72 397
437 155
438 332
225 625
778 249
928 710
56 897
458 829
204 265
521 601
314 313
834 688
744 971
30 405
259 949
317 257
849 85
764 160
600 897
964 418
533 339
313 240
591 717
421 91
886 614
66 123
393 281
715 544
346 527
334 485
661 608
668 348
118 271
38 249
378 168
640 677
493 809
60 396
246 483
28 82
674 604
804 531
290 853
633 175
574 253
575 652
136 339
293 479
737 577
60 574
919 147
443 730
615 544
959 690
88 27
279 161
801 673
680 974
519 943
260 530
300 999
619 195
430 166
434 797
74 244
771 166
225 96
672 545
801 899
732 913
415 71
107 663
494 638
371 315
667 998
173 17
179 640
684 675
14 358
836 870
528 191
513 269
409 820
873 511
11 88
831 606
880 753
737 344
96 320
11 22
354 956
584 245
397 423
370 178
671 362
323 248
17 837
324 327
915 988
627 38
801 501
773 390
646 924
6 511
544 946
372 587
447 155
124 500
677 890
91 229
48 28
61 517
522 105
797 433
108 544
80 621
452 164
739 926
385 751
467 707
668 323
345 227
556 719
688 607
661 376
540 479
984 179
939 515
825 282
958 478
942 963
907 780
89 23
187 942
616 256
874 812
585 727
912 513
53 613
886 159
43 595
507 526
293 135
666 675
919 183
795 77
245 190
246 233
430 480
454 12
804 277
701 123
369 754
117 116
687 56
984 433
605 479
642 331
735 844
370 816
611 882
226 460
451 561
59 148
282 509
158 584
969 29
371 279
758 897
121 316
598 830
965 233
788 566
93 830
702 916
364 824
975 384
500 800
672 811
8 58
769 135
163 176
516 884
996 512
558 267
45 204
195 227
414 3
769 48
44 4
742 247
358 748
950 480
421 302
519 117
117 687
962 434
162 202
950 403
94 785
20 220
51 766
307 616
212 819
310 621
788 833
663 862
694 775
697 33
935 43
593 400
6 261
733 426
686 875
1000 430
116 400
233 513
622 101
224 326
623 276
455 134
65 200
947 726
436 337
990 664
557 791
817 938
14 50
622 839
901 351
649 241
298 481
134 891
946 437
106 662
268 649
847 599
614 838
657 430
648 354
156 886
202 20
187 680
848 558
903 694
373 77
190 525
861 134
657 72
567 709
514 499
425 668
841 260
718 706
79 908
231 65
810 664
480 107
33 989
680 164
496 965
353 844
870 235
407 619
799 165
529 961
715 922
935 885
870 122
104 613
301 821
770 348
543 49
440 506
896 234
440 662
650 265
138 101
863 933
479 940
817 441
211 918
384 860
518 147
793 432
8 728
112 575
581 561
413 479
509 630
437 457
755 322
69 962
656 807
622 150
819 735
869 327
641 707
934 397
920 715
99 452
464 711
235 516
142 80
859 462
844 410
635 103
289 531
855 634
714 634
786 31
995 111
728 306
340 184
741 594
151 224
743 586
834 418
411 159
748 220
288 450
416 759
443 814
120 657
373 33
156 713
230 217
576 283
274 636
611 829
265 839
355 152
325 95
880 778
59 367
151 311
690 7
620 196
490 33
115 948
978 266
742 371
712 674
959 955
440 997
167 594
651 257
728 652
604 487
608 994
145 932
8 57
910 85
504 347
969 959
81 183
941 457
101 188
449 907
673 313
510 480
183 394
632 198
360 620
271 871
566 684
77 20
906 2
356 93
357 484
158 239
507 475
5 329
937 680
982 326
920 922
774 21
155 615
29 66
17 634
163 644
761 925
464 389
617 321
798 814
582 897
324 913
864 742
60 687
126 952
57 875
194 468
697 315
352 964
646 396
597 210
193 20
515 579
313 691
354 1
912 437
565 485
144 975
697 533
682 323
283 436
395 606
454 447
629 323
515 830
411 488
675 615
662 867
828 95
563 922
856 144
378 732
248 192
600 149
28 646
819 693
912 113
876 322
848 935
849 714
866 744
391 217
110 661
817 5
272 510
36 367
441 281
793 44
353 741
724 988
563 598
897 30
974 28
978 163
779 94
949 802
381 160
242 870
738 867
358 533
797 366
837 637
290 464
932 903
366 191
258 850
48 258
693 350
472 590
398 378
73 849
394 485
91 789
976 212
591 672
99 318
9 10
247 110
341 229
252 256
649 506
320 416
29 328
527 505
843 828
184 143
293 467
374 134
302 611
618 800
341 455
914 33
327 244
460 876
539 436
596 579
981 23
482 916
273 56
105 941
257 716
297 195
65 303
356 890
31 534
301 167
690 237
283 257
526 383
841 367
109 751
662 783
451 546
794 191
120 824
139 462
398 669
232 873
576 123
602 771
235 310
880 929
917 292
486 930
24 685
666 100
334 398
444 602
27 546
693 845
384 309
167 538
466 145
358 178
825 558
435 950
483 917
23 647
85 878
837 319
637 355
699 178
415 73
560 156
813 198
101 244
746 251
105 241
33 380
675 189
931 263
276 208
299 209
430 802
907 286
530 847
52 447
343 136
281 751
284 940
263 459
105 275
893 346
932 778
256 315
792 157
920 978
426 103
548 8
154 805
180 394
542 266
717 157
557 628
209 398
484 768
838 947
33 184
824 157
256 601
419 951
425 182
192 583
431 488
668 133
146 155
225 663
995 114
312 959
670 606
494 682
779 798
190 675
503 552
973 776
869 887
140 291
88 212
658 800
400 48
398 607
737 761
420 51
829 201
297 328
606 5
813 725
61 400
724 80
671 715
412 830
187 887
456 374
22 37
244 253
279 462
49 505
620 880
93 912
577 953
225 280
706 425
853 918
768 701
417 321
366 571
333 348
107 617
707 541
672 851
234 233
290 199
788 698
789 239
740 90
561 64
41 507
254 895
664 887
662 454
629 913
836 93
513 22
315 366
756 276
104 915
727 149
750 366
767 692
986 946
973 765
603 24
751 896
912 610
207 934
172 619
917 90
375 525
777 244
119 107
527 384
878 673
143 395
660 807
497 439
299 761
820 45
89 221
630 396
743 871
229 729
801 456
749 18
387 251
170 265
585 266
415 553
579 516
878 697
700 681
3 660
302 373
354 776
288 451
161 843
657 814
993 258
101 935
257 359
438 996
349 215
481 71
887 603
891 540
876 200
272 102
922 32
287 150
992 804
594 936
489 238
235 510
201 162
57 431
222 520
119 884
115 213
978 45
390 455
582 427
767 997
56 677
216 739
93 662
777 715
97 891
276 25
587 142
885 539
345 634
570 5
661 170
756 360
793 482
6 17
651 972
241 368
731 59
910 587
281 538
397 908
258 798
725 584
414 901
113 976
683 460
592 867
460 408
617 320
85 346
378 468
600 51
989 896
782 291
913 464
752 632
255 543
890 474
566 182
629 461
109 198
471 931
790 745
410 94
331 212
316 245
99 112
921 195
571 626
178 833
382 737
660 537
277 891
978 792
647 877
62 471
377 487
145 25
130 367
978 939
509 420
64 151
732 734
839 154
952 582
420 228
313 908
26 351
796 847
946 92
696 870
362 279
474 877
680 944
169 333
334 657
465 550
46 5
550 735
182 453
297 529
134 263
249 872
103 125
978 910
344 596
2 998
149 885
97 428
991 635
387 544
997 593
500 95
304 194
103 210
451 373
895 374
921 117
210 20
865 2
289 739
896 437
920 315
81 769
867 894
729 833
24 415
315 672
561 136
30 213
875 552
350 913
232 641
78 193
733 571
204 303
578 636
1000 150
566 197
604 776
147 185
275 492
650 32
512 1
312 103
171 220
501 637
716 432
311 972
42 67
579 888
337 517
601 976
51 307
15 148
773 88
248 835
100 812
504 685
781 637
182 970
938 936
377 739
9 884
302 467
305 541
975 473
749 474
240 54
773 890
761 500
722 914
563 170
322 516
706 296
145 5
221 306
41 180
705 205
335 318
373 119
843 970
359 388
198 2
538 487
222 132
938 605
26 179
240 867
540 497
396 496
515 122
55 173
921 311
705 408
979 105
948 218
984 721
178 312
144 488
127 879
41 624
211 718
762 458
876 566
895 362
903 161
172 429
580 306
324 112
73 304
777 690
382 735
387 826
82 446
730 626
287 797
73 641
884 255
746 248
689 116
48 124
684 54
685 779
580 103
449 739
965 633
162 200
327 518
882 379
792 111
976 252
295 100
33 93
155 125
788 219
396 574
242 109
376 894
73 671
535 771
458 597
994 611
820 377
7 598
856 576
431 378
543 945
855 995
783 70
397 263
769 924
60 455
703 319
597 280
514 828
757 546
577 196
950 11
710 408
912 623
680 731
4 157
501 149
249 228
361 994
455 708
826 936
406 392
100 693
250 262
714 137
731 893
417 42
610 102
684 801
442 468
653 26
433 191
456 744
991 564
775 523
577 256
649 691
715 498
598 638
984 318
527 694
469 698
571 494
131 833
850 347
922 124
513 77
589 766
149 941
297 762
372 90
101 420
887 773
103 282
620 896
864 434
906 699
305 304
200 90
646 681
777 686
872 620
506 822
250 924
570 511
910 627
111 989
882 321
833 839
137 728
746 220
463 135
108 821
659 575
626 950
827 373
64 839
200 394
636 653
842 858
518 145
772 624
498 148
413 477
795 685
405 681
7 549
946 787
393 145
142 820
916 283
7 698
502 790
229 998
442 965
60 628
317 387
708 596
514 913
647 271
695 894
677 323
540 957
227 106
434 304
951 885
683 943
939 569
688 839
302 267
600 912
759 698
236 123
607 4
921 691
170 665
135 665
45 894
249 128
141 8
941 585
53 716
353 162
316 18
317 839
250 282
16 446
783 542
109 549
844 600
663 244
259 210
7 550
494 320
866 851
171 875
743 187
330 436
427 530
728 799
909 886
396 271
871 488
932 87
939 168
72 210
951 76
37 668
984 756
280 475
794 313
374 887
267 139
271 579
864 205
348 342
721 724
793 199
944 117
798 336
983 204
729 917
692 480
128 98
129 223
557 247
963 160
600 870
54 147
973 302
973 248
557 264
501 838
854 714
217 695
767 683
738 959
601 729
393 60
12 786
648 838
646 209
209 324
892 95
751 788
484 156
526 954
895 761
350 841
611 270
848 172
977 968
26 643
1 942
218 476
551 434
281 139
97 517
373 880
84 261
285 570
218 591
238 522
795 245
942 644
209 768
31 687
285 683
531 303
405 578
679 263
38 301
541 219
841 480
108 161
917 955
463 129
46 155
913 940
581 329
623 883
224 349
939 848
984 327
83 97
737 913
455 946
59 141
791 180
885 9
374 518
165 617
314 821
701 679
867 643
665 121
861 417
921 116
193 953
551 381
664 914
78 844
812 250
906 883
58 76
528 193
91 427
710 616
661 92
541 295
100 937
110 215
972 726
664 223
339 755
891 494
489 662
223 493
264 892
267 627
20 456
509 572
954 667
339 662
276 899
115 95
542 482
302 647
985 263
12 426
564 205
325 703
634 961
679 140
902 629
464 641
213 10
668 210
374 55
394 807
470 783
877 164
921 688
317 173
819 215
69 476
195 785
252 966
454 14
810 510
984 5
435 335
700 449
973 611
539 69
406 92
136 592
266 739
709 669
832 330
749 19
94 908
425 566
500 158
887 514
619 160
906 87
801 819
804 502
879 914
864 329
41 998
547 428
78 293
842 272
127 878
554 684
738 449
12 726
650 943
408 270
228 695
64 688
470 732
827 29
591 44
166 937
249 613
620 556
824 773
343 311
309 707
326 675
77 359
610 179
253 683
381 209
348 286
721 796
888 251
637 384
711 889
837 718
107 929
572 557
295 150
206 791
500 624
396 795
384 883
42 371
43 214
694 875
364 522
596 941
116 695
161 101
730 951
379 79
161 496
234 710
660 926
391 503
739 959
648 310
691 512
564 306
657 624
765 655
877 981
716 469
809 589
916 759
997 460
138 531
622 987
338 798
230 784
838 595
622 842
182 983
950 845
26 579
835 543
490 628
811 194
558 541
227 303
249 235
47 24
857 996
456 523
952 912
112 157
203 310
633 845
464 794
468 178
6 862
625 465
843 358
790 355
97 152
672 654
657 478
734 220
274 934
779 591
482 581
923 285
965 936
624 230
474 981
563 837
231 979
841 107
714 507
509 237
790 60
205 756
962 977
597 558
139 202
693 687
175 760
969 143
720 771
202 550
176 85
604 397
567 59
953 387
337 434
390 104
732 489
401 833
241 514
148 74
976 955
3 713
725 848
418 208
115 390
65 621
580 68
896 11
386 31
281 713
636 339
587 945
55 907
741 184
669 139
195 284
893 493
768 356
623 196
165 508
179 682
109 63
146 475
330 652
772 315
43 865
800 932
30 633
828 261
187 890
21 858
868 275
523 680
284 252
749 16
952 846
990 778
94 223
386 652
117 358
622 721
368 132
61 127
245 194
796 246
853 387
925 534
801 552
714 859
112 185
443 803
635 311
696 433
588 711
903 548
248 312
487 107
164 94
995 556
908 77
875 2
838 138
306 315
419 104
519 613
188 827
488 517
250 620
514 103
54 852
303 181
632 855
166 870
25 82
48 221
637 757
283 902
788 745
736 170
510 261
907 237
176 113
528 230
408 220
24 389
923 839
347 105
383 895
849 175
71 20
708 102
674 434
233 898
966 810
95 556
115 354
794 587
16 711
299 424
262 828
856 795
449 347
447 240
285 245
17 639
94 639
938 257
207 900
467 811
468 592
566 281
894 954
369 61
186 989
939 233
632 645
835 296
968 647
171 271
520 368
778 648
618 971
15 587
566 571
952 251
652 708
283 107
892 429
911 869
71 8
290 849
283 24
468 20
605 725
933 78
791 876
921 654
249 163
446 967
175 143
487 169
335 469
11 515
322 704
951 751
936 92
541 699
176 337
479 581
641 569
35 278
128 660
201 98
135 819
282 485
252 164
585 196
362 55
969 654
36 180
108 174
372 108
396 300
469 994
733 117
662 763
885 298
181 435
73 282
767 103
609 440
439 895
825 879
656 279
340 992
110 506
864 234
276 72
86 611
824 584
993 571
333 58
360 488
752 986
859 990
950 395
720 376
556 22
115 382
941 716
998 391
358 550
397 942
898 641
243 418
799 541
82 540
343 744
458 575
560 481
133 150
397 737
364 852
237 482
809 737
773 70
976 350
960 627
333 975
17 278
463 977
625 603
947 924
530 365
807 696
795 208
609 916
397 537
571 649
809 44
496 273
808 896
799 649
965 657
951 578
143 897
700 450
784 877
145 293
295 879
277 480
743 365
303 700
141 305
839 926
309 959
805 794
3 272
741 924
451 450
542 389
1 279
387 542
317 705
196 406
767 857
611 677
798 399
824 774
440 527
863 274
496 608
923 670
673 615
431 851
693 620
163 773
989 401
718 209
964 516
996 403
45 345
659 549
119 108
256 16
941 671
564 622
983 100
456 425
767 669
589 237
937 852
591 611
746 408
584 499
363 820
622 690
372 898
916 402
773 375
186 691
620 40
394 388
606 812
894 611
521 375
906 315
802 376
682 194
630 564
834 9
962 114
928 206
716 37
78 782
246 444
908 663
285 624
861 657
181 527
499 848
840 948
322 503
403 618
940 777
796 147
246 94
726 852
846 357
622 677
588 845
331 508
297 316
299 858
504 792
930 984
861 804
918 277
76 670
282 59
448 815
430 115
842 83
435 475
850 866
558 879
321 4
672 766
899 313
149 826
723 157
103 135
822 723
491 929
111 648
737 73
313 581
652 54
376 159
177 402
951 106
755 669
386 446
171 700
675 98
561 500
635 6
676 771
950 166
382 292
457 627
922 399
392 654
64 955
375 549
926 335
819 829
717 378
978 244
389 303
584 49
587 850
973 449
769 385
129 866
594 406
244 737
290 256
620 303
162 234
974 373
280 353
820 923
233 711
298 909
464 413
228 462
322 23
952 785
697 65
75 373
131 436
173 817
172 644
564 134
69 736
341 666
15 206
455 503
577 786
613 735
134 712
985 24
126 866
786 27
757 516
833 92
321 864
696 340
60 203
107 224
274 745
914 409
808 172
944 795
962 598
737 925
330 291
421 584
704 124
271 789
525 66
766 750
179 570
254 450
20 638
2 1
666 40
903 453
224 460
418 817
771 879
167 590
974 874
704 282
870 139
49 107
584 97
182 137
207 317
222 916
223 823
921 769
752 963
379 605
824 830
571 306
225 539
127 175
780 965
711 947
654 986
343 111
474 490
96 296
777 601
39 726
626 984
698 61
609 750
902 67
636 522
428 446
86 806
656 601
234 637
18 446
536 63
369 466
918 697
8 760
411 533
379 153
531 772
713 745
381 619
953 90
627 367
440 3
243 630
372 786
302 873
820 900
185 305
527 481
485 622
70 532
803 841
96 517
905 185
850 508
66 231
564 154
982 441
211 785
274 408
632 868
762 799
521 212
344 964
312 650
114 554
28 222
411 206
106 746
433 394
330 18
776 136
830 991
111 296
967 354
182 702
258 198
167 202
795 21
279 188
545 718
179 888
36 983
2 195
437 314
302 118
857 765
876 303
783 749
519 570
974 932
280 592
600 153
504 46
932 120
115 916
961 728
68 358
400 680
685 241
443 266
653 403
859 642
699 61
314 21
43 433
978 12
816 255
779 453
194 575
693 535
625 949
42 112
674 356
784 492
146 973
698 110
789 917
228 209
547 546
963 158
546 170
160 593
293 923
727 94
113 864
864 952
243 421
885 798
389 25
660 900
203 883
833 472
869 266
584 694
69 804
132 204
718 500
251 220
496 147
346 760
347 673
991 136
459 43
41 582
959 878
530 186
161 677
695 928
902 653
813 809
995 90
503 334
800 92
965 638
745 442
86 377
271 473
994 414
61 53
635 400
307 493
74 416
348 519
700 364
113 398
905 512
981 373
900 269
451 679
378 653
208 721
371 508
408 626
942 499
159 217
602 924
966 405
842 143
935 862
607 397
757 48
316 314
174 200
822 756
839 558
58 353
115 880
576 494
44 332
803 137
222 711
574 881
286 160
733 201
441 313
777 695
561 88
414 452
654 995
270 724
16 979
806 826
533 210
59 855
444 811
128 44
493 390
846 186
115 428
196 82
443 282
712 186
769 469
114 204
849 7
150 876
778 13
686 658
244 759
376 687
692 378
752 677
200 588
416 780
77 826
795 196
720 18
117 622
887 158
173 861
725 464
356 597
484 610
511 779
386 678
635 463
359 711
252 629
164 503
535 4
810 321
39 561
188 493
559 206
959 608
572 331
982 719
139 512
69 335
306 51
17 172
746 613
528 304
947 262
823 491
625 416
825 992
134 43
709 256
582 22
389 652
55 178
920 2
240 529
587 208
447 548
999 123
395 201
550 579
565 135
999 456
12 342
569 887
624 454
48 130
926 317
270 769
290 195
607 788
115 106
120 276
52 397
710 551
76 583
148 84
46 623
731 165
112 999
58 948
189 657
637 19
86 795
769 305
863 561
591 582
760 706
85 465
750 477
788 250
595 752
281 888
781 847
178 740
450 65
712 436
15 408
241 76
998 606
9 70
542 312
470 503
255 615
682 167
956 586
593 256
904 245
484 695
583 869
711 304
293 407
13 792
269 366
986 960
293 120
278 388
904 979
193 188
156 800
250 71
639 547
4 127
296 163
283 431
835 650
16 290
143 587
790 402
793 622
169 452
277 391
288 566
142 401
329 142
370 994
792 966
170 934
689 926
121 44
601 378
516 501
888 266
135 969
11 711
103 85
503 991
35 205
970 784
287 568
205 517
897 674
81 639
906 632
230 88
805 817
35 90
110 642
149 974
137 910
513 315
805 563
727 709
866 547
97 100
289 692
751 492
879 283
901 965
133 619
888 198
119 662
524 364
944 667
968 126
881 899
183 385
666 50
599 793
780 597
105 205
837 644
531 553
241 445
137 330
566 253
345 495
643 944
418 357
289 288
156 254
194 156
413 446
640 494
53 87
552 810
579 243
372 787
268 778
68 628
754 87
659 17
955 788
318 244
670 361
543 985
412 105
86 112
881 88
937 478
99 487
411 931
196 807
611 384
648 150
367 766
242 413
544 455
484 645
956 844
910 165
588 775
169 832
294 702
45 636
743 874
731 777
934 483
451 273
390 968
248 487
672 345
781 25
390 262
895 143
41 894
470 373
135 924
317 985
733 155
197 99
71 788
382 161
974 933
3 327
685 351
278 863
279 498
21 885
138 662
144 287
401 117
429 306
289 743
911 817
239 367
721 676
211 753
266 145
784 350
474 348
241 639
718 251
232 262
965 418
272 657
58 142
39 602
560 68
264 513
432 983
125 182
508 34
73 971
924 620
233 781
824 424
753 454
242 745
368 548
901 364
249 729
668 617
910 730
8 356
348 416
815 603
51 390
579 580
460 242
407 469
651 603
79 739
322 207
660 731
72 87
888 240
316 913
578 60
652 795
265 373
51 164
218 447
660 586
644 183
339 846
965 637
490 543
142 188
683 1000
813 953
361 144
374 421
31 652
895 845
218 721
972 458
170 604
279 82
219 30
89 676
491 8
520 170
773 536
265 817
253 526
469 561
738 250
261 937
406 194
430 196
359 102
344 901
861 224
112 137
831 792
210 978
269 715
348 68
821 688
956 267
228 690
706 894
619 451
177 116
949 766
814 486
375 722
945 111
15 290
163 182
326 678
901 908
281 295
751 244
655 701
654 992
452 216
552 678
113 592
422 560
673 982
712 44
909 750
767 526
572 552
846 187
162 239
629 730
393 1000
746 390
655 960
548 656
643 904
272 923
497 172
206 564
579 58
673 161
329 891
427 342
691 517
765 652
270 128
310 641
423 994
519 196
854 66
680 89
759 707
143 291
716 39
40 512
705 786
9 779
907 814
435 97
237 341
311 754
94 230
386 679
981 54
710 412
30 802
179 100
681 170
661 900
33 29
246 92
639 415
622 683
218 693
682 260
459 645
9 630
741 852
875 253
108 228
164 214
754 690
828 173
991 675
460 809
245 13
541 752
31 902
219 750
326 198
352 461
171 771
922 969
923 304
214 935
453 193
571 482
585 824
629 88
956 184
378 550
871 817
806 833
459 250
366 589
934 739
889 884
528 110
124 519
838 865
440 873
478 846
284 887
29 511
295 661
537 65
100 56
997 887
945 996
747 400
181 830
234 357
91 404
78 581
195 708
25 774
293 340
211 559
765 108
215 15
404 937
294 633
422 687
370 244
154 725
907 596
945 710
360 34
343 171
215 981
739 766
542 31
377 396
911 334
329 902
707 346
114 64
21 960
63 393
446 3
48 606
88 603
806 377
531 522
623 310
294 38
213 94
804 919
894 549
968 765
613 733
463 538
683 229
424 490
544 43
325 918
218 742
438 735
810 290
244 538
307 292
201 873
148 864
330 79
439 291
47 739
156 711
785 241
490 265
736 609
892 309
511 157
44 608
260 549
250 393
914 550
963 462
738 162
541 837
582 115
250 504
732 900
254 448
735 153
577 657
597 317
395 244
126 30
914 712
310 449
791 370
6 974
903 340
779 330
598 888
332 536
131 607
760 35
172 113
210 188
599 570
357 187
28 973
638 4
604 108
695 71
642 881
8 781
244 355
998 188
551 516
385 329
168 871
426 375
234 488
966 637
276 149
651 963
466 519
216 718
305 515
345 494
346 81
721 123
411 535
503 543
234 650
336 182
782 437
897 125
311 999
4 797
846 572
298 254
281 964
526 958
263 812
894 776
38 244
756 809
117 549
541 195
619 751
892 313
621 405
364 898
683 894
544 472
535 666
347 869
114 552
478 25
668 121
283 29
411 192
752 170
765 389
292 325
734 712
155 842
226 193
898 612
195 768
47 477
639 343
622 611
72 459
334 619
939 711
409 336
486 870
876 154
344 827
365 667
465 537
639 181
624 210
911 549
408 391
27 687
103 120
912 119
254 508
936 893
225 234
887 856
67 539
124 984
762 147
382 384
171 617
903 184
742 480
478 774
906 895
64 630
487 253
853 826
971 863
880 744
348 310
685 913
245 938
358 763
436 657
186 440
924 766
742 861
96 421
926 167
195 443
103 738
807 224
440 434
648 631
522 16
134 330
966 16
638 764
716 350
836 754
739 903
740 84
851 789
291 792
11 425
983 272
507 219
894 981
623 249
644 402
863 302
687 243
40 549
248 840
801 282
30 948
217 83
364 998
762 817
601 245
605 645
990 961
921 766
832 303
728 240
781 542
286 859
123 599
52 601
164 234
426 569
182 523
276 329
724 58
887 542
232 792
638 384
909 216
362 136
128 627
515 97
166 707
560 598
481 243
173 221
174 206
144 493
272 306
701 711
211 327
528 3
712 736
197 888
796 614
167 528
645 896
650 570
466 139
413 944
162 368
271 534
680 493
621 353
421 427
650 653
115 1
354 859
831 479
903 66
823 351
409 650
138 72
585 289
759 617
315 560
104 957
894 644
626 798
251 464
215 687
462 560
411 558
376 689
512 115
316 737
669 163
941 958
748 668
587 614
114 428
26 826
506 322
967 851
324 983
769 614
43 889
997 456
32 502
682 922
342 253
623 386
700 957
624 719
571 968
700 556
916 977
645 253
408 916
628 420
446 672
985 178
681 169
147 517
524 593
743 607
815 178
925 526
775 873
839 200
677 189
511 107
39 896
282 151
999 774
691 113
714 178
349 205
259 253
944 947
448 802
35 322
736 565
903 589
27 742
158 540
654 385
876 369
714 404
474 977
1 455
990 505
629 39
617 615
724 205
106 228
837 411
610 308
258 321
706 835
637 749
879 656
941 77
836 165
763 911
20 810
644 171
172 29
689 397
766 141
738 690
133 646
689 286
805 50
357 120
51 773
807 330
313 2
242 936
336 429
300 264
472 669
713 609
825 927
608 281
497 254
885 803
617 221
981 572
252 96
897 491
938 297
267 703
388 153
743 959
907 623
450 974
415 864
697 439
56 41
113 8
386 614
925 351
857 185
490 946
701 504
687 837
545 852
907 845
70 713
507 993
382 719
165 171
44 16
544 44
234 441
364 189
994 68
538 692
853 399
395 555
269 78
903 659
308 955
421 740
667 244
54 526
127 972
273 437
239 518
205 946
334 302
590 31
858 940
931 824
289 914
788 919
419 108
516 390
518 934
409 6
181 228
504 388
858 863
984 654
694 457
555 789
791 397
45 107
546 560
49 104
719 498
834 459
384 243
771 993
225 431
379 606
50 530
489 498
16 910
309 263
917 56
431 788
55 340
223 726
707 797
51 865
487 777
860 293
147 306
510 634
811 875
983 19
81 74
688 254
545 347
307 562
983 41
70 114
591 548
252 388
859 148
57 199
402 943
607 297
6 309
264 980
262 707
338 353
17 524
750 110
61 731
27 471
764 414
51 477
434 495
667 204
610 628
425 745
202 471
80 315
317 418
167 829
861 677
496 11
453 48
264 129
374 44
764 380
213 226
611 19
558 750
460 573
423 651
598 255
969 557
569 436
421 422
867 202
101 978
231 339
838 441
473 559
995 878
762 111
335 60
925 871
710 135
239 693
242 180
998 546
33 870
975 150
478 602
226 403
858 896
539 755
269 637
917 265
427 629
488 613
766 408
988 178
37 554
297 821
872 907
374 805
509 607
336 696
193 681
600 553
868 10
58 29
59 844
267 827
87 475
381 185
111 16
718 104
209 104
263 335
350 715
258 845
483 486
108 905
128 353
400 317
114 54
385 630
816 830
545 464
801 78
731 397
15 508
475 715
367 969
178 682
858 56
687 386
61 767
962 106
925 406
342 776
454 982
22 650
361 488
632 788
853 244
716 140
424 276
597 255
964 834
677 311
218 556
403 594
706 265
249 210
526 36
391 331
661 991
297 196
80 282
587 231
326 73
516 169
137 991
537 559
990 371
980 495
728 958
540 939
327 19
571 472
577 687
351 716
46 410
732 845
20 561
735 618
975 27
667 986
227 835
301 184
434 539
110 696
291 510
958 435
573 524
866 630
741 634
229 342
517 74
348 356
498 313
741 715
617 821
339 427
346 325
242 818
814 744
29 880
737 297
968 184
186 349
519 109
695 94
120 473
375 867
711 773
5 321
932 930
807 310
259 868
115 350
722 266
215 227
787 314
440 79
26 904
704 944
7 575
468 549
327 290
707 384
566 453
556 221
332 459
3 743
27 415
88 671
765 635
108 290
498 558
373 642
623 498
477 740
333 832
201 689
636 895
839 58
861 542
952 806
921 729
792 719
13 211
417 970
53 754
296 89
577 504
26 366
191 836
918 297
296 1000
978 764
84 911
469 723
349 125
97 12
560 740
575 819
637 906
162 576
110 890
491 788
789 421
444 40
742 335
615 983
360 236
429 86
733 8
650 588
465 258
546 557
653 327
92 39
995 837
348 217
480 321
400 122
157 509
656 452
140 749
16 931
73 726
145 833
37 883
186 31
25 155
204 659
730 592
654 962
151 116
101 17
138 109
216 837
603 371
87 66
437 63
350 752
428 470
298 998
885 802
688 162
670 86
780 658
938 409
56 204
845 500
834 839
855 191
416 212
897 350
365 173
875 165
972 822
651 532
452 754
489 883
916 656
956 581
317 413
758 153
865 645
445 398
686 720
878 721
991 82
207 483
709 941
636 899
550 87
766 692
442 656
265 621
430 433
452 553
839 175
58 992
161 795
279 148
357 660
504 824
925 898
822 998
339 102
835 941
451 608
765 294
58 706
408 429
316 270
580 707
407 673
585 211
474 946
183 990
45 985
173 36
466 46
715 545
241 886
223 930
538 106
461 873
135 232
713 192
77 345
849 384
577 945
962 673
817 98
354 913
560 204
194 582
86 600
965 459
750 563
346 317
954 60
242 890
872 785
542 863
48 399
32 961
594 374
959 434
553 573
526 755
765 511
858 259
986 508
324 763
403 12
495 370
775 348
946 862
104 5
711 610
920 785
709 109
267 470
79 211
203 216
475 543
223 149
190 38
179 275
125 723
495 825
114 324
389 852
339 601
947 790
881 46
991 33
494 523
194 351
490 550
87 648
795 203
901 161
432 65
215 334
766 989
892 648
288 486
382 970
918 844
745 838
666 157
874 610
896 832
552 226
830 573
174 65
22 117
206 470
421 823
606 855
917 264
115 920
116 455
301 83
84 677
784 179
375 715
802 971
159 218
146 807
589 529
111 829
2 771
42 980
495 210
667 543
7 22
444 684
399 408
646 875
168 517
695 113
957 874
432 891
505 795
111 19
167 989
834 634
104 835
536 528
674 467
968 236
309 60
497 820
208 161
820 936
358 987
152 360
264 866
9 688
678 661
882 48
898 781
95 813
460 158
81 343
473 888
136 737
752 524
955 770
63 336
545 49
342 777
735 354
702 121
632 789
910 106
363 395
678 966
791 701
938 915
120 220
585 734
718 61
490 538
861 569
421 456
830 876
155 52
981 128
297 141
365 603
437 894
136 711
853 326
707 812
507 758
576 853
4 454
191 944
197 435
714 239
933 335
330 276
791 97
499 695
596 15
124 792
876 271
970 964
217 422
1 657
343 751
400 889
93 267
404 849
903 265
135 163
193 854
474 652
444 219
228 915
494 113
660 352
509 918
520 184
538 836
744 433
603 278
395 365
698 14
256 21
90 254
16 757
842 801
882 370
955 514
578 603
872 420
376 691
512 117
270 357
310 634
747 46
61 544
704 945
484 953
877 720
638 542
17 570
803 693
359 908
285 809
420 528
795 440
668 157
834 181
502 47
692 11
352 900
313 642
960 707
565 436
624 848
439 490
518 522
170 684
653 817
303 904
454 108
457 472
19 577
848 551
257 809
26 367
905 544
246 194
412 528
429 179
946 31
801 864
70 175
54 544
203 103
147 38
830 757
433 21
322 948
969 87
220 207
165 602
442 305
427 559
158 685
968 281
33 770
73 507
106 840
836 784
984 547
306 310
732 193
549 437
550 982
954 199
673 661
304 16
396 576
107 866
127 622
115 110
833 943
686 353
565 528
323 925
159 291
988 921
627 203
183 441
132 701
11 816
371 905
686 464
622 922
195 87
986 374
842 754
882 263
224 677
893 133
930 113
751 27
367 802
172 972
584 276
488 393
911 331
725 557
411 701
450 93
416 213
901 50
226 756
762 546
531 745
701 389
4 971
929 857
575 444
27 378
160 89
678 959
882 858
593 661
422 249
761 603
83 579
834 153
821 909
769 866
630 311
892 502
531 280
339 585
45 532
743 637
126 577
922 790
540 201
317 460
541 544
448 145
490 372
861 771
199 668
681 421
330 221
757 210
746 467
447 870
842 112
329 3
59 358
188 834
597 303
853 592
33 775
984 737
385 175
842 195
864 375
663 467
280 744
281 81
291 40
828 257
922 202
585 12
34 282
767 796
811 528
571 225
572 798
872 544
854 880
451 191
685 119
606 605
849 272
171 300
444 888
854 995
394 5
345 721
22 516
55 342
148 116
167 824
828 982
744 393
158 69
586 640
234 36
954 940
979 65
934 104
90 182
25 513
9 132
746 64
636 397
194 152
600 907
569 444
109 267
747 409
397 614
588 383
290 534
481 989
977 944
262 592
309 334
18 236
806 157
990 718
276 724
540 873
48 859
928 161
49 528
613 766
375 704
726 951
449 153
506 90
70 811
677 273
937 252
408 974
134 824
766 883
457 263
978 931
10 913
905 495
856 123
340 84
53 809
828 225
108 738
80 889
176 632
796 199
163 322
153 856
649 611
706 628
328 274
454 342
59 130
296 816
5 872
747 17
396 347
824 542
954 413
700 137
724 775
173 7
525 498
581 728
234 119
804 191
457 812
671 937
283 888
106 77
966 735
571 13
572 802
15 570
806 787
148 153
21 405
171 264
906 973
335 565
104 821
485 120
337 993
965 430
95 628
202 858
132 629
190 391
54 301
555 319
315 902
392 425
142 725
380 65
509 580
794 984
65 984
837 902
99 660
479 141
579 211
686 853
513 409
220 831
367 837
913 436
398 12
195 131
277 965
518 269
69 218
221 468
895 619
835 15
382 333
984 238
184 502
493 660
744 750
912 394
473 920
859 149
934 831
539 173
761 365
663 196
154 500
212 162
785 190
784 653
309 776
295 869
870 923
136 550
621 664
207 43
889 243
690 452
516 600
790 43
723 116
814 925
616 996
214 889
965 223
767 839
170 773
975 394
250 785
589 564
348 358
321 249
580 329
177 231
225 582
856 422
203 679
423 90
578 422
831 190
155 905
711 660
380 132
570 180
385 592
600 316
741 141
299 502
929 19
252 462
649 396
227 152
320 534
303 343
843 834
971 265
590 461
61 769
703 214
428 816
251 255
144 723
289 414
42 190
213 55
952 185
900 57
235 454
759 204
77 594
78 58
178 769
481 585
491 458
994 447
688 802
734 421
199 243
299 848
364 378
884 577
408 548
448 805
838 22
861 175
844 899
719 305
352 449
101 714
847 413
546 696
949 685
970 840
462 36
871 184
28 886
324 205
396 754
69 648
850 117
172 393
727 473
763 896
893 817
620 527
806 968
71 961
522 403
614 117
882 437
833 863
390 242
928 693
626 942
509 810
295 179
190 351
46 995
879 81
497 243
557 429
637 159
431 704
437 479
664 397
973 189
976 111
117 811
741 161
357 19
217 893
803 962
665 997
8 288
854 499
674 877
576 675
132 129
540 774
88 893
878 356
458 339
991 207
170 367
541 364
999 752
636 814
342 929
201 563
62 561
259 431
278 409
200 247
65 460
255 465
19 495
592 475
832 362
463 772
232 682
909 426
161 834
74 485
438 578
990 47
991 370
874 524
286 662
417 837
554 954
378 987
773 604
996 961
709 350
356 906
718 66
445 289
607 435
866 875
334 301
594 929
657 121
617 576
10 574
926 608
174 261
434 590
633 174
651 315
286 338
604 505
325 264
309 659
182 131
241 709
538 923
421 805
25 196
554 615
11 41
999 376
124 662
680 424
955 254
918 998
82 382
907 115
565 627
12 597
214 326
816 55
708 109
52 457
794 594
544 929
205 230
321 504
324 741
682 979
920 996
594 263
893 190
233 677
252 391
15 485
325 172
254 717
347 445
817 701
303 414
341 215
234 793
56 89
305 890
347 554
761 788
137 184
820 155
548 660
365 194
773 107
441 530
302 589
618 818
468 829
472 184
199 63
950 925
865 679
592 153
666 944
239 721
977 593
743 642
464 556
925 721
854 249
187 524
588 454
320 235
981 234
88 119
397 41
553 403
403 936
559 141
966 129
75 800
810 405
39 837
500 275
6 695
984 416
892 761
16 402
897 575
550 339
109 513
610 38
46 18
935 14
162 535
953 768
71 581
149 779
520 913
597 653
547 440
692 695
399 855
168 267
392 927
448 523
486 215
456 6
681 563
831 705
210 13
1 469
489 66
236 825
990 577
37 696
297 843
245 517
817 140
565 550
803 497
487 584
309 969
124 297
768 999
12 214
243 141
860 260
315 921
267 538
569 366
346 49
60 482
584 301
877 856
533 380
807 109
294 128
214 107
930 408
927 417
271 144
156 208
764 445
394 717
416 909
420 589
705 777
818 616
655 431
623 475
347 724
584 574
170 295
88 932
565 350
142 122
846 697
834 369
139 653
535 299
611 129
169 502
614 800
351 922
851 251
303 871
862 18
459 978
576 855
176 613
818 940
66 649
50 2
412 957
595 52
913 896
797 944
961 924
196 767
10 322
362 131
288 738
862 332
461 717
26 90
737 38
22 390
577 605
462 201
687 400
180 826
508 415
325 319
92 94
884 34
277 60
888 37
124 623
909 519
950 221
823 65
76 714
186 6
594 139
150 405
353 543
341 730
267 203
72 60
901 536
370 484
190 465
676 756
132 728
522 222
323 193
385 550
793 252
560 500
792 231
962 171
123 237
330 513
830 498
302 683
20 436
578 490
797 140
801 329
968 710
843 978
899 580
276 653
189 188
852 620
36 206
835 630
251 367
14 57
52 884
421 25
213 167
970 290
218 527
4 134
616 466
767 294
14 714
696 413
223 715
922 931
61 309
340 508
583 336
288 671
224 285
558 886
944 518
27 762
999 224
328 299
562 220
582 155
417 523
474 588
625 644
561 412
949 733
520 647
157 506
488 975
551 654
525 539
105 74
512 646
875 602
493 467
975 655
745 122
307 130
162 114
384 952
369 350
243 325
941 764
432 916
43 42
134 135
195 375
252 124
678 576
160 962
241 245
739 626
815 803
109 438
769 725
184 115
47 661
422 29
8 289
248 934
258 770
284 470
252 322
768 491
697 443
476 846
148 761
635 131
119 18
928 225
527 59
985 496
714 542
114 812
143 258
22 689
792 528
556 537
80 482
522 665
502 9
400 64
179 470
92 781
631 662
350 109
740 733
450 543
988 569
961 137
190 581
253 751
715 486
537 970
168 99
22 770
574 303
616 609
28 407
50 123
969 279
507 688
143 966
829 227
353 42
407 845
191 970
250 402
572 75
274 898
576 14
596 65
305 24
805 987
183 987
891 301
249 45
248 30
301 108
443 60
715 546
315 432
210 38
375 736
908 427
768 766
343 262
724 963
61 682
15 544
471 162
571 80
104 264
591 157
3 668
8 818
558 334
393 760
124 262
941 966
295 701
236 78
218 154
817 760
51 869
379 432
860 289
219 427
536 407
20 40
926 76
357 197
769 279
453 774
35 189
418 815
108 560
309 199
739 622
846 918
208 998
885 948
134 498
617 334
378 474
638 596
696 827
951 446
240 471
38 158
955 810
479 56
455 67
810 94
213 125
99 122
377 380
839 110
947 806
626 377
238 531
921 741
61 42
959 593
529 280
913 121
87 890
933 118
754 533
994 100
853 431
250 212
640 846
753 715
165 941
496 380
705 360
282 622
527 979
253 612
666 834
718 530
13 621
781 100
50 238
32 621
160 180
231 898
87 573
311 106
349 467
856 364
724 769
600 271
180 807
550 909
900 852
794 499
427 646
618 159
28 959
984 541
515 439
242 699
171 765
375 629
20 927
110 386
111 943
172 225
745 161
124 298
949 823
258 982
18 922
401 658
184 462
371 752
742 801
538 771
342 435
492 612
286 714
777 856
320 669
797 389
29 59
964 394
397 567
186 534
184 499
869 307
321 229
216 461
717 895
660 381
138 612
910 510
877 121
308 404
19 219
847 801
463 552
235 697
167 799
518 658
118 150
544 505
653 697
670 617
333 115
88 933
607 54
112 80
41 17
114 585
420 873
249 214
394 959
5 519
301 981
529 405
714 155
291 934
495 718
666 294
114 811
101 835
702 41
801 857
470 820
667 176
943 807
736 413
475 419
438 853
387 761
598 731
654 601
822 719
770 42
827 167
809 464
600 491
784 146
750 797
343 345
291 482
537 510
168 631
953 622
559 810
917 11
849 461
6 794
428 200
272 612
333 69
599 878
592 760
522 223
176 287
370 93
152 472
893 367
15 431
110 107
406 888
336 228
90 31
53 137
21 3
32 412
530 503
125 551
534 827
21 988
777 86
851 933
946 583
491 152
692 103
765 631
144 725
967 223
971 152
42 188
582 776
563 498
998 999
329 552
956 643
95 177
80 406
668 15
943 391
212 371
571 399
433 634
36 673
256 993
848 907
300 750
58 968
481 455
763 489
810 618
61 308
766 619
838 20
567 590
434 838
54 551
104 178
236 748
748 289
571 504
813 347
83 194
858 836
608 867
805 951
757 62
905 993
170 120
236 713
508 444
310 110
153 417
7 458
279 673
548 254
883 201
781 648
48 8
11 156
775 654
149 262
405 876
264 624
962 635
423 497
108 815
453 656
1000 396
7 889
146 671
298 251
294 495
105 500
482 738
378 455
985 725
413 324
365 75
714 652
507 134
143 412
696 665
852 530
543 927
730 178
144 561
289 440
626 451
147 838
938 967
167 443
977 619
835 597
326 344
848 984
278 415
540 38
229 631
680 673
737 560
136 307
203 65
249 142
567 652
714 832
934 837
957 444
391 442
619 837
691 80
35 404
252 886
364 344
936 105
258 109
942 451
965 994
268 22
399 972
336 804
689 992
391 344
70 281
862 261
261 892
157 699
598 771
497 704
560 994
561 447
45 102
708 314
374 978
330 482
292 961
871 133
335 941
513 325
552 725
137 180
898 481
901 974
571 977
50 670
785 849
279 939
600 880
566 69
209 705
309 36
134 209
802 103
553 827
657 821
404 319
243 465
119 290
85 510
727 35
587 596
18 457
666 544
509 558
698 552
332 41
209 434
411 224
124 203
316 533
816 629
394 727
768 456
695 807
455 66
256 540
294 68
811 298
327 954
139 901
356 389
208 365
89 6
674 365
843 925
133 347
51 254
350 78
338 622
190 663
183 634
786 592
766 961
445 331
245 94
961 773
978 704
335 77
641 828
698 579
879 66
540 462
192 356
448 926
189 651
235 326
254 486
27 252
576 410
887 854
819 558
324 240
418 877
404 432
176 903
875 775
695 48
453 421
314 29
289 873
556 24
831 417
29 871
730 532
972 633
777 637
108 887
290 484
20 205
976 779
333 386
17 961
569 364
436 957
78 494
782 488
158 326
416 161
553 928
453 906
402 908
81 331
669 74
119 183
411 870
472 888
237 72
114 277
568 146
878 435
645 114
873 850
853 255
951 774
808 528
644 190
350 155
958 346
943 482
247 817
485 876
783 277
994 406
758 423
8 167
62 510
322 539
70 933
680 889
221 263
149 33
813 963
80 713
979 423
687 94
815 21
429 826
801 751
70 52
640 811
291 937
734 95
496 665
153 904
300 553
706 548
315 219
411 448
641 995
733 285
933 331
292 69
813 741
49 376
54 715
606 932
295 759
277 344
61 497
102 199
378 631
126 201
823 189
625 670
185 761
295 580
395 50
15 837
332 719
940 782
102 33
236 799
923 873
535 175
785 648
962 532
229 51
926 491
585 299
128 36
384 990
993 606
180 376
418 309
573 371
4 558
225 805
177 954
416 350
631 478
445 989
47 633
186 555
812 683
282 682
544 713
103 994
566 478
470 483
285 993
80 361
78 740
838 574
677 500
34 598
199 112
169 165
958 487
317 485
446 731
393 429
801 312
711 213
382 725
592 355
520 384
614 992
616 361
550 44
843 50
592 498
847 602
288 986
576 264
912 489
490 653
161 955
123 490
868 350
773 724
795 36
852 179
835 807
193 66
594 662
541 713
176 515
529 1
469 734
645 699
480 137
482 603
179 553
793 805
336 968
339 175
747 218
406 725
37 540
974 791
723 21
465 261
839 426
223 784
339 562
499 34
390 471
49 215
345 840
603 699
662 355
315 372
317 33
915 557
627 207
336 276
263 381
350 757
205 46
241 606
445 543
712 222
756 655
423 200
502 88
379 244
615 379
972 871
494 167
133 51
968 386
688 310
639 919
781 728
29 147
527 404
242 358
904 253
868 182
589 169
924 224
598 11
891 127
252 691
803 805
61 915
464 579
321 974
678 2
527 771
403 544
62 295
763 150
445 504
827 546
973 800
438 858
230 743
895 147
352 715
19 718
45 818
545 589
891 552
505 341
503 806
785 379
288 701
917 654
573 365
102 143
249 713
875 909
713 122
491 900
619 384
512 582
965 148
280 906
443 342
137 519
376 819
377 19
443 830
822 470
751 500
431 576
239 192
958 694
869 54
798 351
270 660
567 390
58 242
116 940
200 414
871 524
976 800
812 446
25 916
253 603
968 836
401 581
670 183
764 182
756 530
998 755
583 547
910 369
640 405
713 865
274 239
114 494
265 496
857 366
878 404
535 973
38 239
333 545
173 780
873 756
287 492
109 186
511 890
458 370
812 913
173 669
411 40
178 885
91 704
809 941
169 523
483 379
515 735
9 550
545 596
89 336
130 402
594 719
645 465
4 495
619 800
502 420
654 289
587 625
361 130
624 122
625 407
365 660
156 360
645 610
650 860
979 232
502 471
767 73
533 513
571 434
164 100
130 52
615 901
344 544
736 354
679 916
249 741
656 99
110 678
77 487
386 460
499 109
427 760
963 474
785 530
381 81
608 923
811 542
561 43
634 611
138 460
546 449
855 329
641 262
805 672
607 852
523 726
647 61
813 213
742 197
449 610
432 880
470 792
556 121
206 774
858 369
559 281
25 624
601 657
985 626
678 575
4 730
425 427
791 306
138 768
855 141
533 377
721 233
894 988
327 453
535 864
256 586
720 47
209 558
742 656
726 245
599 377
569 190
8 74
566 541
914 18
53 343
764 475
93 426
365 453
481 328
28 315
748 138
311 388
787 184
41 160
539 161
463 249
355 448
398 247
321 720
32 941
130 502
630 29
245 49
343 900
382 890
734 239
936 34
576 217
245 418
799 401
641 531
714 123
491 814
609 135
681 370
865 253
558 200
351 714
706 967
921 877
257 155
611 606
784 148
345 962
692 31
224 961
180 948
278 605
157 473
826 85
510 474
945 833
34 32
695 309
709 128
629 561
962 388
103 686
417 25
626 793
113 682
919 982
422 266
116 523
815 801
191 91
312 648
195 412
163 762
612 299
246 633
302 258
929 23
841 120
286 903
146 347
274 164
661 456
173 946
228 419
82 376
123 95
89 163
843 838
32 13
360 906
308 362
907 806
660 630
884 216
339 645
47 188
160 272
140 538
827 680
40 806
277 711
369 942
444 88
706 359
229 993
140 321
378 980
841 468
770 968
952 923
757 840
219 497
832 177
654 366
914 427
255 31
131 943
558 778
748 396
969 457
879 842
516 282
499 121
157 804
874 310
982 789
608 758
491 778
794 534
476 126
573 328
181 907
225 186
758 844
796 681
965 46
215 451
179 601
25 67
888 469
816 338
16 778
3 532
277 93
82 7
562 353
250 817
237 681
737 289
441 348
258 894
471 8
309 349
817 346
11 239
547 945
841 684
266 719
989 636
701 911
521 558
371 829
459 620
551 833
12 659
988 692
646 86
635 969
655 812
220 989
896 115
781 838
734 958
881 474
330 544
296 906
76 60
702 216
912 170
227 184
483 2
691 617
41 94
702 408
105 677
803 804
368 465
904 697
4 71
463 994
355 173
877 659
472 79
674 565
259 403
953 493
632 961
616 326
635 482
879 197
390 842
502 302
197 340
258 49
398 917
227 709
250 302
93 180
727 949
676 149
128 643
880 824
500 217
126 183
868 119
680 255
438 787
797 856
885 347
154 893
598 880
381 76
614 402
537 436
456 204
292 594
314 246
423 312
245 990
436 645
632 621
239 48
684 99
924 658
779 718
489 277
567 310
338 761
833 680
315 625
194 88
746 439
346 89
846 874
833 601
542 99
459 957
266 294
427 392
402 934
288 887
299 306
359 834
548 807
308 12
39 428
8 448
134 384
342 231
660 712
644 309
369 187
958 45
786 616
246 323
874 936
618 830
910 800
812 914
943 456
251 296
240 7
645 318
249 319
857 952
530 110
622 760
433 641
991 461
387 83
772 489
161 866
365 514
59 910
406 76
135 518
247 738
931 767
839 798
274 594
974 515
250 754
279 295
265 877
32 608
325 37
473 722
75 514
757 34
10 591
676 24
830 673
573 368
633 221
379 789
768 558
606 744
672 798
712 859
585 467
315 691
367 429
23 625
928 787
232 480
345 848
453 564
755 972
718 192
938 896
850 968
814 727
980 699
728 537
609 663
202 839
242 920
735 201
67 95
271 841
241 336
974 264
43 230
426 226
579 440
484 60
855 31
214 141
237 804
879 149
238 7
744 136
427 854
503 97
855 140
696 875
814 678
734 999
886 546
208 965
461 429
523 446
443 636
711 461
677 589
697 391
220 820
994 707
748 598
415 801
825 299
259 717
122 873
618 786
515 540
631 930
368 25
812 886
645 562
486 585
839 79
398 819
463 843
411 164
1 672
378 964
207 342
135 725
429 824
526 478
513 600
1 721
95 151
900 398
754 647
774 948
938 590
504 886
302 41
433 142
154 96
676 173
549 185
10 110
391 162
359 238
624 325
76 992
349 308
520 512
983 565
231 816
926 719
358 445
159 164
107 639
292 539
186 2
832 560
790 437
928 831
663 613
777 526
389 304
559 948
451 11
21 293
261 374
524 444
298 258
452 487
668 727
319 913
983 494
953 47
172 629
302 828
138 805
255 996
56 166
437 375
185 262
792 282
876 506
479 236
541 97
47 1000
470 481
741 111
260 103
647 629
962 73
104 353
414 744
143 298
330 751
220 742
528 878
673 267
657 910
711 215
252 536
394 454
38 391
259 438
785 848
654 77
530 39
397 28
182 850
112 58
882 530
499 970
705 11
579 526
649 289
914 551
70 903
217 337
718 819
293 172
95 336
244 958
886 101
210 762
944 521
486 855
69 309
532 783
115 651
919 89
960 22
799 487
585 943
309 887
608 443
296 894
336 827
62 837
909 244
966 510
253 922
948 878
366 747
258 422
496 613
521 340
278 941
318 846
874 326
227 868
487 686
974 132
22 273
163 386
10 377
90 523
993 926
225 500
776 996
154 568
361 212
76 633
202 780
924 655
916 91
242 928
445 541
263 396
609 839
162 701
699 970
834 815
63 35
963 977
251 963
696 692
952 286
667 969
773 336
850 581
263 690
801 15
113 916
217 832
588 337
772 664
384 585
646 369
481 971
377 522
284 466
359 942
14 255
694 621
271 212
293 268
277 919
39 280
541 246
969 795
643 538
259 261
134 711
657 874
952 858
510 195
985 150
515 741
38 306
388 453
306 122
933 47
370 905
942 343
981 307
895 157
681 431
165 774
683 713
387 276
170 940
979 206
186 780
415 450
188 856
585 212
503 977
382 2
311 2
595 399
337 387
870 823
157 696
267 472
29 466
586 246
710 564
254 88
20 752
242 512
645 959
405 58
278 824
580 488
85 982
159 239
11 321
16 937
339 569
719 935
666 209
617 869
963 369
598 992
306 736
881 808
487 944
401 793
555 440
940 246
82 266
150 691
431 626
379 293
821 390
921 791
219 476
368 562
449 937
976 177
445 914
82 556
50 370
347 432
798 793
503 13
398 395
539 667
272 594
368 367
97 679
21 785
230 837
29 486
490 926
809 770
908 594
568 471
217 239
933 225
120 530
647 867
468 24
553 406
141 853
449 602
761 347
296 24
154 410
446 834
754 755
166 589
795 415
335 78
433 242
553 193
183 906
535 81
956 138
227 990
785 502
219 606
827 159
476 39
461 693
382 66
395 11
37 722
738 417
262 313
104 541
927 57
965 374
548 162
866 971
901 926
495 219
280 1000
775 204
976 992
996 483
923 207
319 158
51 980
656 658
825 765
257 377
812 13
266 505
858 383
287 589
492 721
294 475
149 428
872 335
967 576
54 507
410 19
935 422
651 887
275 107
740 93
726 152
313 397
100 835
800 905
655 5
807 846
27 312
636 252
104 405
658 506
199 184
127 507
165 154
739 253
117 689
958 345
852 964
190 807
839 78
680 749
958 584
866 232
717 51
152 858
321 805
395 538
936 262
991 288
9 576
946 227
416 590
255 101
450 109
495 714
44 658
615 709
340 485
508 839
606 24
58 530
311 164
866 957
300 955
391 268
728 902
474 962
240 409
348 943
41 977
542 691
780 124
177 17
909 800
309 564
45 26
690 337
193 815
12 165
858 448
884 47
650 547
997 712
500 816
875 740
215 287
332 601
884 94
867 904
580 183
998 226
637 290
340 776
152 708
516 779
849 338
742 231
45 333
926 494
964 165
396 953
312 324
257 325
901 660
617 95
444 941
360 48
198 976
966 878
698 504
55 517
115 294
890 864
800 600
907 668
447 175
821 510
308 167
831 53
318 88
601 540
618 706
123 224
51 639
633 237
717 142
756 596
481 942
508 482
427 320
928 363
476 871
994 740
441 732
960 572
852 762
981 986
748 955
15 254
200 853
863 410
311 791
539 496
795 874
209 665
411 101
752 269
787 254
950 862
41 480
388 339
227 461
506 156
291 616
32 25
312 589
313 756
820 34
316 173
562 661
2 890
448 29
766 909
912 492
87 830
515 793
383 71
610 137
888 539
248 442
252 878
382 773
555 701
294 591
736 462
917 631
94 573
756 320
31 793
550 751
885 212
707 748
524 910
194 462
965 44
126 232
992 134
701 738
542 574
482 696
391 22
897 975
803 174
738 617
315 280
832 750
500 885
253 108
756 28
853 65
980 575
855 371
16 554
492 891
272 580
627 208
647 7
108 811
350 760
756 283
149 371
834 701
158 227
721 21
849 88
134 376
136 537
618 96
15 399
660 976
328 601
161 546
881 965
122 605
431 703
787 463
243 535
317 292
57 625
360 857
130 969
539 559
994 402
83 987
412 399
398 794
363 443
330 768
611 401
830 205
613 707
118 163
355 175
672 251
288 244
833 40
703 615
11 214
800 159
69 502
397 63
1 894
273 241
101 587
523 901
786 922
321 749
875 322
244 915
652 394
892 723
343 985
455 559
439 426
222 846
944 584
321 527
766 651
487 414
273 428
684 906
192 284
577 491
93 84
633 199
851 120
371 46
786 646
819 726
141 510
453 316
348 6
885 345
137 955
858 727
825 518
680 287
475 141
516 685
205 284
704 389
58 36
945 941
504 363
522 433
888 209
427 959
375 541
197 601
698 94
718 21
59 680
243 183
609 528
525 907
256 212
369 381
224 600
759 552
760 890
817 469
431 637
68 857
532 786
552 902
20 164
792 181
628 559
99 677
544 534
872 483
512 52
259 836
109 260
755 302
792 292
904 446
43 922
760 600
194 2
83 75
990 550
578 444
617 450
359 973
252 355
398 59
95 983
77 584
886 998
43 696
411 956
420 934
574 3
170 333
464 546
326 440
235 223
458 192
758 351
740 766
173 555
670 641
175 45
655 375
520 42
586 343
37 157
240 999
728 60
377 210
175 259
213 956
712 524
71 434
329 87
22 146
353 73
923 325
49 336
698 591
143 854
828 478
685 451
908 80
533 639
71 720
898 12
576 414
595 426
867 689
279 519
282 281
927 427
72 877
344 722
258 448
590 755
154 863
305 281
660 485
534 394
723 447
906 869
11 75
785 672
764 896
105 5
582 529
396 918
237 512
935 323
585 147
11 297
821 360
699 900
684 208
902 27
81 429
366 62
95 644
203 234
929 8
893 311
184 948
735 436
845 436
294 186
497 14
704 988
734 628
609 849
562 829
137 222
624 590
772 480
621 760
756 791
952 164
619 594
160 503
415 577
930 743
771 313
365 450
772 6
60 272
408 817
744 725
925 544
408 848
658 157
87 789
606 255
130 322
922 806
239 295
14 752
738 30
496 669
90 277
409 158
477 813
950 951
476 230
214 918
179 977
993 392
84 462
168 350
222 913
231 989
899 345
918 215
106 424
997 614
949 707
953 512
625 867
58 484
884 40
900 821
996 674
283 861
819 959
897 985
58 87
276 386
538 989
180 550
508 379
91 389
422 559
337 5
323 54
751 158
402 699
599 986
33 509
938 424
521 384
59 577
9 372
427 165
836 271
674 126
547 756
90 105
273 575
906 349
156 364
251 918
549 789
566 291
803 559
255 998
716 944
372 862
284 456
674 832
106 766
844 16
959 801
929 886
869 985
643 544
294 896
612 155
406 718
523 698
982 509
933 215
716 169
93 404
313 650
202 178
221 758
44 849
436 658
342 638
127 252
574 309
559 67
616 523
924 348
17 152
993 359
983 401
178 493
452 732
849 864
869 196
26 9
92 660
232 894
763 714
267 289
197 32
554 739
793 809
650 994
889 144
176 869
875 933
287 51
415 14
71 664
614 258
997 666
317 760
323 871
14 776
721 584
41 750
194 712
451 203
768 647
881 770
699 113
657 77
794 679
832 542
427 850
524 380
543 32
546 260
403 184
56 520
453 522
94 960
469 129
756 501
333 100
157 278
143 922
864 798
690 950
16 713
256 376
459 419
793 391
907 699
38 997
664 404
95 732
901 425
596 983
688 298
180 126
273 692
35 443
864 747
167 336
587 653
894 795
692 577
65 187
765 534
877 60
34 630
473 142
900 117
424 326
634 729
407 135
618 872
14 31
645 199
152 868
990 362
394 993
326 492
255 478
973 843
616 472
876 26
144 867
127 144
992 615
79 861
942 341
447 793
799 564
912 344
362 291
317 516
894 587
365 684
518 776
116 376
602 937
400 923
116 325
151 326
488 292
373 338
184 802
161 386
435 691
19 944
130 343
10 569
687 481
529 771
859 516
417 553
642 34
680 369
129 413
756 366
721 539
6 965
15 953
436 610
515 321
335 936
543 119
121 628
71 930
366 854
955 247
315 660
564 789
306 881
58 254
362 552
328 664
898 540
4 595
422 710
404 341
298 816
595 954
307 514
590 195
114 8
544 535
229 809
970 692
336 904
786 940
643 973
554 506
739 916
579 255
85 362
308 15
994 570
441 682
670 331
7 655
284 48
103 254
277 937
65 135
731 683
169 225
360 596
913 226
979 66
790 616
238 533
773 886
529 966
390 291
549 991
71 143
364 155
37 11
990 99
605 115
335 298
963 649
25 60
168 69
337 370
781 13
791 84
279 288
728 940
481 655
624 205
280 605
410 288
196 273
669 844
823 381
150 166
483 967
373 423
732 786
714 293
354 144
59 120
524 38
304 65
659 825
149 103
298 611
465 466
428 226
489 468
932 722
805 684
556 230
812 120
116 797
765 926
634 990
105 4
656 660
569 661
128 93
438 318
189 892
7 815
199 984
146 593
219 397
907 370
565 882
217 195
25 741
389 12
835 212
673 145
233 650
649 408
560 301
7 610
564 301
33 163
640 373
273 892
755 442
276 513
764 436
892 225
195 595
798 533
13 963
485 774
783 336
307 218
515 513
933 818
844 467
960 752
174 686
143 561
438 739
333 803
766 247
726 858
782 984
308 551
520 199
249 908
5 513
909 491
676 458
538 503
39 870
615 545
995 692
589 1000
236 336
990 377
634 463
927 360
651 410
689 803
987 902
619 46
927 505
343 742
384 407
249 645
12 167
548 113
473 544
549 408
110 582
93 780
278 742
853 882
488 986
988 31
483 705
101 146
776 273
324 503
612 610
855 478
769 439
941 657
586 704
552 944
521 391
206 657
707 108
798 949
67 205
34 798
413 378
967 951
255 993
310 950
838 928
216 431
142 987
273 856
626 70
686 1000
502 949
30 524
971 158
865 887
459 962
298 332
891 967
268 548
35 819
146 136
75 50
413 571
320 187
283 33
473 851
139 686
31 596
161 958
404 543
40 185
528 358
361 611
54 395
202 405
666 260
44 624
923 159
687 238
692 592
508 869
733 380
573 271
992 954
727 771
334 729
316 991
457 178
700 218
218 136
405 434
300 808
227 792
675 268
659 915
415 9
21 130
461 891
210 61
733 143
36 321
367 369
686 255
399 529
595 835
281 271
335 580
393 222
121 712
216 928
231 567
751 332
682 709
252 149
197 214
287 630
422 731
59 767
372 622
48 364
425 362
489 718
16 714
401 604
882 143
664 102
388 878
650 25
767 147
536 160
369 433
564 374
656 777
659 154
368 759
739 968
556 754
402 113
265 479
29 366
583 715
915 117
829 711
132 137
541 243
744 993
49 797
217 103
388 418
955 32
587 490
420 787
773 785
98 149
540 60
264 383
598 238
981 222
657 248
532 712
238 745
216 299
761 444
178 172
326 124
628 916
19 612
377 52
88 129
490 381
932 148
255 63
511 129
224 321
22 244
226 275
905 724
637 819
874 391
925 777
782 690
418 609
406 134
267 332
880 907
789 463
936 141
334 420
462 153
101 615
267 477
864 511
239 489
371 161
300 163
414 636
253 157
220 458
465 501
564 871
838 1
874 91
698 237
516 790
59 829
902 275
471 148
334 241
620 762
388 556
542 837
500 520
817 378
656 568
876 931
806 718
589 214
147 319
475 986
738 988
333 408
981 604
655 927
886 511
668 538
445 943
962 379
29 80
160 801
846 921
410 684
892 111
431 349
593 462
276 622
808 683
290 926
458 492
687 765
635 164
397 383
435 52
330 802
666 952
118 141
65 55
619 616
694 643
378 54
730 259
89 441
550 30
311 526
661 863
403 579
260 856
133 470
660 297
121 663
984 138
275 30
511 71
956 816
494 883
923 76
207 382
338 507
190 616
71 287
277 620
939 819
467 312
412 593
785 201
865 379
639 438
225 4
780 452
178 434
325 826
236 764
405 377
59 729
908 96
529 861
822 762
1 260
771 808
993 136
62 915
908 503
949 749
966 325
839 713
898 189
576 271
633 338
300 135
945 126
230 192
841 957
239 370
370 511
25 168
234 286
141 706
789 54
522 904
595 891
551 988
208 268
595 1000
834 624
392 451
945 681
233 879
52 437
90 224
822 209
716 620
275 398
545 380
447 180
911 357
111 251
242 118
777 833
1000 22
543 686
160 845
373 244
494 56
700 847
717 231
389 156
592 95
891 77
48 993
181 651
688 721
731 725
473 646
38 415
912 628
1 779
688 279
776 195
155 14
766 916
912 387
655 341
951 546
473 999
2 407
171 161
293 552
192 9
924 378
752 81
736 694
205 781
956 75
938 586
408 721
643 820
120 731
309 799
681 484
918 395
31 806
846 855
23 834
941 187
743 243
881 260
839 540
219 959
515 250
419 209
771 772
184 938
222 550
957 561
797 796
784 137
253 212
482 514
723 492
653 169
233 152
659 852
896 354
917 20
195 721
557 13
371 6
776 972
232 448
517 687
665 468
651 89
245 914
360 420
358 659
931 313
723 182
310 854
711 766
177 547
859 11
915 781
128 425
233 754
232 13
929 185
252 80
552 832
76 134
313 204
243 399
1000 114
103 907
143 16
990 621
359 902
532 352
948 32
180 186
109 236
806 210
131 470
946 465
963 565
625 22
899 989
355 261
530 35
969 513
972 396
667 454
61 107
887 291
84 188
47 40
236 407
38 357
584 634
649 960
636 592
605 415
472 163
936 116
314 552
832 37
500 339
89 572
934 562
351 644
409 133
766 765
509 268
331 856
426 832
614 433
474 692
828 979
197 191
111 665
547 201
361 446
399 516
168 555
150 478
651 359
598 984
825 600
823 957
977 373
746 186
783 216
845 822
884 300
704 602
100 371
542 878
641 175
57 816
521 593
523 143
360 47
824 738
859 23
237 346
168 918
447 204
453 955
80 45
133 61
778 418
281 842
69 959
674 243
74 967
934 289
83 879
778 309
104 306
678 858
420 574
592 39
60 517
960 539
635 155
514 894
786 251
569 249
520 106
702 63
169 92
388 419
687 841
929 641
929 441
914 87
570 661
65 475
490 600
326 482
952 973
757 902
776 155
801 568
839 160
986 756
382 981
257 538
44 710
995 894
343 986
549 27
678 369
852 76
208 278
269 804
216 860
787 731
481 198
541 856
836 600
451 506
70 272
150 152
23 906
581 172
874 166
654 536
93 962
314 913
689 251
764 665
763 822
637 954
758 591
230 180
162 460
721 827
929 406
766 213
209 120
228 812
410 817
547 848
586 694
608 322
602 518
975 536
194 895
51 666
507 492
971 541
309 94
756 745
78 405
65 970
29 47
103 834
661 410
510 832
901 395
117 790
449 452
692 256
199 272
713 572
147 909
556 727
189 282
688 423
748 623
490 779
165 273
847 853
647 953
507 808
156 471
61 945
726 973
658 239
583 972
910 4
587 393
606 375
769 836
131 191
151 160
745 709
861 603
131 822
221 722
65 336
117 859
66 523
801 708
706 731
468 250
737 823
836 625
64 391
504 206
309 218
386 164
37 485
260 669
746 830
16 169
434 664
509 308
953 827
451 359
7 506
69 73
448 691
358 394
731 474
380 292
208 495
25 923
561 45
210 149
229 439
271 694
862 917
44 12
165 614
395 378
180 764
346 228
110 373
916 168
789 934
453 373
563 840
859 46
88 766
660 181
972 711
521 617
388 912
65 549
86 861
413 483
15 339
384 791
648 612
268 845
730 928
784 995
294 185
25 660
782 354
431 368
949 499
381 753
610 701
739 771
756 995
961 269
14 187
622 972
311 847
437 560
445 5
874 905
948 54
415 957
198 455
606 448
660 600
147 647
353 430
904 10
905 343
155 400
799 173
123 260
568 503
752 372
588 970
644 52
630 373
136 355
502 248
674 767
991 240
625 331
904 872
583 214
586 374
715 914
515 846
718 843
745 815
211 135
799 526
377 243
568 580
932 173
507 792
25 335
473 152
32 641
885 494
54 706
715 644
135 261
921 261
908 5
103 147
362 27
867 831
279 661
229 346
598 957
325 529
470 604
767 990
211 758
873 463
802 853
968 85
690 574
824 628
493 375
241 486
702 629
208 233
689 382
770 305
573 964
613 23
100 579
471 305
297 743
884 542
816 726
375 149
472 957
973 352
186 562
189 465
687 598
784 408
144 702
40 639
578 483
597 325
445 184
303 206
450 878
514 923
808 612
848 869
759 154
80 511
812 960
448 371
514 778
203 507
575 355
505 247
198 178
552 155
460 633
852 843
377 429
883 89
166 375
929 602
151 89
317 817
156 753
696 422
398 562
95 492
667 231
300 516
301 349
140 93
434 894
329 108
221 6
619 921
188 177
417 657
384 454
809 427
41 561
206 277
742 379
743 22
447 597
738 498
244 127
945 52
358 451
968 403
30 93
24 267
268 504
104 601
514 480
737 315
665 6
558 315
964 118
364 273
784 812
292 651
958 620
872 749
154 692
470 858
811 890
449 733
581 668
582 751
513 916
396 808
574 559
501 737
942 392
677 814
859 135
806 386
481 861
854 414
32 321
566 258
203 808
555 31
638 453
557 581
706 129
821 240
420 575
981 547
955 886
62 204
999 661
303 226
731 751
984 355
21 873
527 541
943 306
104 465
514 750
109 864
991 70
95 157
736 785
678 475
764 987
27 2
392 348
325 809
967 366
71 309
303 477
514 419
273 279
862 467
520 784
95 448
905 730
410 88
157 828
329 882
923 490
267 334
178 287
609 193
245 277
979 79
397 579
434 580
110 653
201 343
332 703
67 905
93 882
332 526
351 715
180 618
137 123
189 996
98 795
216 958
626 633
788 472
113 522
756 468
704 679
546 150
450 355
747 763
307 662
586 695
113 667
783 894
276 621
66 307
360 12
124 509
111 639
705 616
393 82
360 155
858 134
52 241
185 464
81 359
446 41
753 309
203 212
773 192
920 652
387 418
840 1
892 216
768 448
18 227
971 203
610 521
574 948
96 979
479 432
397 381
74 730
277 807
403 724
540 915
812 904
672 27
400 318
934 191
937 233
782 718
209 886
450 632
804 671
753 881
682 319
204 559
834 402
452 625
386 899
596 136
670 935
31 959
917 570
295 890
207 158
580 644
176 706
283 678
922 19
326 580
274 878
594 891
923 615
871 101
70 396
786 58
93 805
332 675
776 835
512 569
50 600
215 374
987 473
915 290
333 199
957 781
923 645
11 79
547 17
533 206
242 771
730 540
875 541
203 692
93 632
223 569
494 4
918 762
8 565
937 760
461 470
512 20
271 117
672 82
649 413
321 252
621 329
696 992
522 868
707 288
513 623
312 856
847 808
5 475
235 688
51 968
182 985
442 890
539 408
523 739
748 882
274 383
956 871
27 93
943 91
498 478
473 900
696 284
606 227
240 936
387 437
390 788
528 693
197 278
439 377
207 205
944 901
541 765
411 472
451 663
678 214
405 298
743 156
214 938
827 833
420 489
277 352
323 766
322 983
490 85
220 110
554 666
465 273
417 988
673 709
544 214
131 628
775 839
119 777
798 508
871 798
233 158
489 36
145 801
6 787
962 765
305 394
785 640
953 486
682 639
718 81
820 993
7 846
180 320
381 449
256 144
320 835
285 27
397 961
329 923
185 415
688 258
462 941
47 513
947 527
165 502
437 369
248 916
209 498
82 896
946 749
713 802
660 799
99 479
83 962
816 565
375 442
378 138
964 757
215 557
364 937
476 787
60 466
733 367
284 234
32 115
18 954
187 977
558 704
152 780
246 60
925 623
840 933
13 885
674 657
568 404
554 171
866 137
862 101
495 644
334 514
316 25
500 302
27 982
725 533
283 320
800 342
410 69
311 135
314 665
942 31
465 588
107 418
474 931
343 317
64 383
747 210
89 988
167 597
478 686
706 853
211 369
563 708
214 656
694 366
236 996
211 734
1000 713
641 387
201 404
962 930
906 825
279 809
444 397
54 235
280 84
563 38
708 124
630 933
426 277
508 568
916 464
648 686
495 365
742 998
485 391
566 144
768 199
697 231
366 506
835 874
134 268
638 550
541 943
498 869
614 284
313 456
118 309
359 565
186 209
969 224
143 461
322 441
749 510
551 264
645 195
100 614
156 816
359 283
285 724
182 816
862 182
990 907
611 114
259 41
524 619
248 620
781 148
992 635
500 258
526 408
909 48
889 825
487 4
948 554
662 872
934 973
558 809
118 864
176 551
533 757
754 258
597 766
729 558
291 71
348 108
866 721
67 556
179 698
457 828
242 570
885 292
944 314
428 107
984 523
660 462
571 253
438 52
606 437
689 74
121 632
186 452
851 458
232 282
841 736
576 632
883 93
224 750
92 768
579 308
307 665
402 767
884 433
315 630
544 956
302 924
599 926
466 758
604 75
198 797
329 962
421 34
609 622
297 108
313 266
190 64
816 671
512 184
242 772
833 380
869 947
636 103
998 890
178 523
549 616
768 449
623 347
311 869
576 666
498 536
105 975
504 677
154 638
476 731
596 580
706 388
891 779
298 735
252 606
412 374
832 466
134 820
50 307
936 272
682 316
291 977
9 558
127 176
3 8
701 97
169 272
845 396
636 666
69 247
144 771
625 399
143 812
24 904
876 989
27 783
841 247
165 693
131 893
151 358
338 171
875 976
257 338
269 727
54 663
970 804
899 352
193 279
98 619
211 440
488 595
585 75
991 799
206 253
228 541
396 685
846 397
918 814
387 818
746 97
675 39
753 767
699 189
78 170
390 38
710 607
492 696
57 365
366 225
883 57
276 201
977 460
797 377
300 311
747 742
585 995
996 207
502 528
565 894
324 716
21 748
540 524
579 78
156 261
433 904
859 206
535 779
574 887
740 91
194 99
994 963
671 558
534 789
427 491
670 437
278 102
143 479
395 995
342 885
573 189
787 232
657 820
930 736
239 904
739 112
579 74
160 379
643 374
191 176
866 834
443 780
89 692
677 27
273 422
611 795
403 830
887 638
782 766
107 40
852 401
491 137
398 711
862 424
575 781
909 201
782 617
988 326
491 806
935 841
274 960
628 284
476 1
224 106
335 846
796 716
488 591
70 489
914 771
19 859
374 787
215 277
137 76
974 996
954 167
775 983
153 380
7 105
836 199
505 849
437 188
997 980
700 250
930 403
676 767
422 510
441 42
59 727
222 594
930 126
470 175
200 415
994 813
632 386
820 913
346 24
203 945
939 5
155 562
56 173
934 312
954 586
385 733
601 919
947 703
658 310
218 321
270 126
238 538
890 447
262 532
798 650
839 266
801 166
614 270
728 445
409 989
179 455
472 123
578 131
544 31
530 30
991 509
153 593
781 367
839 185
472 409
606 220
723 992
231 137
303 780
783 534
780 312
943 860
875 122
69 207
785 150
179 899
933 278
376 467
589 543
420 270
569 965
342 881
457 775
829 326
653 377
233 232
439 768
604 391
106 393
452 157
957 820
563 592
716 977
333 31
25 790
941 352
896 111
474 407
369 331
793 281
725 990
911 297
846 790
655 293
893 265
397 996
539 775
963 871
730 102
364 744
860 741
437 340
540 747
669 9
462 825
835 289
496 143
83 993
123 480
216 318
772 858
8 172
886 783
958 392
127 441
436 434
934 145
477 730
723 670
282 984
925 626
412 683
195 845
198 156
832 358
118 71
246 136
768 972
821 690
990 27
740 550
796 880
909 47
343 983
73 215
951 737
681 400
476 308
758 134
905 728
122 270
448 797
639 129
822 611
291 249
425 791
131 768
903 422
571 286
93 942
165 609
97 427
345 913
845 508
846 263
666 169
617 733
284 820
429 317
642 174
774 435
560 875
49 234
214 556
343 392
560 250
888 215
337 55
565 583
822 94
978 700
258 969
371 880
279 957
928 749
600 890
52 477
768 763
318 312
