1000 9882
836 317
39 70
356 218
929 102
115 663
932 895
996 10
393 161
947 582
51 445
640 366
203 214
938 143
449 74
843 774
19 200
166 41
792 456
728 454
856 179
678 443
611 435
648 135
498 616
905 312
808 461
701 158
169 117
191 684
553 632
122 382
696 258
606 261
588 816
528 587
455 632
594 708
222 157
960 38
154 485
192 80
871 304
639 968
787 651
244 876
887 522
822 591
80 916
174 194
802 763
309 985
330 452
361 490
419 134
194 666
140 724
570 353
160 148
538 963
777 649
650 665
577 879
654 789
536 288
516 798
978 141
631 339
802 191
570 67
909 862
573 844
315 548
337 940
214 124
319 20
285 388
713 601
474 79
295 111
356 111
229 231
746 403
927 634
400 882
551 830
518 77
521 511
592 76
467 875
657 751
342 57
661 443
994 616
591 702
208 957
798 892
587 763
768 319
606 477
592 83
534 810
117 920
770 714
854 55
765 616
235 549
627 635
739 149
830 60
554 34
407 202
858 341
704 55
857 115
565 418
808 425
572 450
743 532
526 852
299 978
374 394
946 267
760 210
880 11
524 556
282 131
209 993
325 239
239 873
19 672
224 414
615 706
879 825
738 139
166 608
704 7
49 374
736 424
27 667
690 505
798 519
549 306
73 457
337 460
689 183
230 17
107 742
435 799
954 309
167 512
938 929
157 490
16 950
606 607
992 479
521 863
64 930
806 808
896 326
202 784
976 963
703 688
134 117
498 303
211 546
267 852
90 849
419 529
99 517
394 337
381 479
555 278
25 603
99 839
195 213
753 401
932 800
816 713
726 332
263 582
218 628
214 16
787 440
471 675
700 879
759 268
338 1000
427 441
925 474
431 273
968 611
420 518
403 304
905 150
433 661
532 467
165 214
242 459
998 914
423 487
827 693
22 528
313 652
758 366
317 108
706 273
530 31
537 841
142 288
544 143
801 528
839 184
598 417
250 275
535 432
3 67
204 704
922 951
721 289
249 985
639 236
35 370
205 958
818 215
984 275
92 272
22 879
252 768
296 757
282 296
547 380
768 639
254 36
418 618
41 583
353 853
462 49
158 814
913 523
257 111
295 499
709 751
98 899
653 457
34 379
453 876
182 35
883 210
24 445
443 437
816 169
121 723
620 659
974 664
953 256
668 877
6 140
263 375
211 574
450 282
87 83
567 293
720 420
295 166
579 491
212 768
893 151
677 858
324 758
287 514
536 54
241 272
593 59
115 267
741 67
851 767
584 258
713 738
328 576
919 866
646 222
812 754
735 890
543 610
712 422
180 68
492 310
96 859
761 779
392 76
234 953
146 455
131 425
518 311
249 456
963 644
694 532
568 592
174 46
193 17
892 405
783 294
877 199
678 56
717 542
95 158
448 449
486 521
199 876
931 637
491 50
255 85
202 35
535 359
383 348
887 688
447 775
526 414
110 990
648 547
364 339
186 833
477 108
792 984
925 772
606 987
330 350
577 759
923 495
579 13
103 71
654 621
88 420
572 974
849 727
98 581
870 815
942 168
908 456
358 679
700 850
183 92
846 260
810 998
443 243
123 883
283 874
452 601
885 467
712 951
606 535
609 273
771 638
354 928
46 558
915 619
54 656
21 500
64 793
546 149
929 283
87 119
987 13
237 934
717 412
172 791
365 941
717 109
209 286
962 372
302 781
142 890
18 316
146 265
812 602
721 251
209 431
284 415
712 450
694 726
954 515
664 600
284 14
108 714
90 333
904 131
958 474
463 600
19 312
739 201
334 815
441 517
763 223
196 820
930 730
127 348
825 496
196 859
431 156
518 188
143 520
862 144
934 781
60 250
631 845
890 57
563 213
303 854
203 104
783 189
811 735
533 678
515 999
553 184
183 877
793 713
336 876
244 877
245 468
701 607
676 178
913 800
681 284
511 305
206 289
353 947
245 325
717 905
193 682
413 665
175 622
615 185
441 264
142 552
899 354
168 504
131 652
45 46
62 916
808 556
713 28
474 520
98 913
153 501
651 338
524 220
180 986
626 694
935 538
607 713
718 645
471 129
577 878
300 19
675 41
552 700
129 157
25 860
188 696
392 633
358 744
505 804
949 827
699 812
718 120
392 456
452 500
165 71
620 587
1000 140
159 527
964 510
358 933
106 644
803 568
312 448
755 275
403 422
497 7
82 923
946 708
217 896
146 508
238 878
829 665
8 485
651 589
450 774
87 607
867 994
322 332
612 528
19 340
636 971
147 650
696 176
572 451
865 591
207 424
616 391
635 421
230 635
670 740
32 840
957 392
540 144
400 59
315 513
348 641
538 497
919 76
889 419
800 541
641 800
212 176
624 144
576 806
884 738
421 684
353 110
709 281
837 212
749 520
733 387
844 796
757 13
499 309
465 645
945 179
343 764
684 728
560 982
379 712
395 47
2 839
521 973
617 660
979 861
571 668
148 211
286 151
824 794
475 202
775 977
4 505
673 523
105 89
275 723
737 396
81 224
778 198
907 438
379 391
417 166
492 670
474 433
936 646
77 116
703 768
731 219
328 726
826 189
263 560
472 639
967 540
933 668
950 746
733 666
129 564
39 9
721 178
155 564
410 899
694 751
454 512
863 748
852 659
949 467
521 468
367 610
133 230
407 267
725 380
947 814
658 327
159 918
181 746
990 880
757 651
958 402
299 531
851 657
536 518
902 725
619 195
356 727
286 906
69 538
843 47
478 198
562 653
688 976
377 433
948 418
680 832
576 785
924 347
122 487
982 577
142 392
535 435
576 128
4 425
460 859
653 4
835 929
652 198
735 664
64 107
13 310
111 567
371 346
651 444
749 893
60 746
103 439
153 60
151 375
870 98
194 707
162 421
73 52
444 875
250 950
321 902
508 150
366 812
314 331
445 675
7 220
85 652
241 96
217 572
128 27
781 673
355 650
600 783
51 645
608 298
996 129
851 766
194 135
195 354
158 378
915 157
648 544
600 259
833 484
193 883
786 978
90 455
123 4
846 566
960 993
388 138
597 500
973 401
167 478
744 999
283 341
75 71
113 136
506 417
993 120
958 398
992 189
657 865
97 673
515 607
97 287
230 944
545 980
748 181
477 841
313 792
830 983
248 623
943 28
415 663
680 828
353 180
615 692
339 905
891 692
639 306
732 624
14 691
93 138
248 333
836 566
767 94
514 302
871 492
965 103
495 88
63 724
634 368
592 156
110 657
736 192
42 849
538 122
187 152
694 329
650 750
769 166
589 541
580 352
853 820
201 437
461 123
542 828
547 966
237 532
517 738
475 931
767 458
348 857
707 780
118 237
393 884
690 962
293 915
555 448
688 239
194 888
398 374
642 528
481 780
543 688
727 55
730 969
733 706
777 184
171 217
891 310
873 967
303 428
714 629
57 269
555 127
204 103
505 873
463 884
986 145
130 933
293 471
22 767
901 168
423 596
506 867
970 397
74 710
330 812
900 80
403 728
726 966
70 794
900 487
943 101
575 679
282 826
464 937
451 897
566 814
164 314
402 499
434 699
527 945
786 269
914 342
808 237
258 210
942 376
528 732
988 462
145 300
175 504
163 448
477 224
940 760
141 393
988 236
883 510
957 551
390 360
192 495
709 70
488 598
783 927
254 125
793 923
709 285
337 375
875 755
275 585
349 712
333 195
116 245
45 207
11 67
31 396
111 946
702 564
870 389
284 568
453 715
718 121
537 911
573 842
155 781
229 148
98 683
417 10
800 565
471 694
887 134
971 572
772 571
26 901
100 22
899 119
583 619
971 397
899 696
310 537
630 642
167 128
194 126
360 778
142 966
414 619
960 553
189 313
706 197
928 183
433 879
416 923
824 327
165 304
176 566
901 140
178 957
592 371
916 415
190 812
106 360
910 229
329 392
9 941
277 509
633 730
117 297
210 637
145 494
734 440
917 888
130 346
238 683
757 889
210 524
709 742
491 253
628 970
451 667
19 787
296 908
426 967
654 443
72 979
325 15
55 186
24 534
885 199
201 51
165 551
775 818
889 877
980 412
49 86
714 320
970 726
864 445
21 216
614 233
249 639
290 203
534 430
542 997
959 168
488 848
234 380
589 438
440 659
702 751
336 292
564 724
30 40
927 826
17 895
107 919
717 466
864 778
168 785
479 931
798 45
40 313
416 507
773 465
474 636
545 274
638 703
683 492
846 936
795 726
155 567
372 823
913 475
138 811
530 601
413 371
161 410
570 822
4 816
282 702
635 772
917 35
898 912
317 392
869 683
321 77
161 740
841 41
950 932
953 743
763 770
801 308
226 892
783 204
36 583
147 678
991 105
630 315
207 542
43 521
598 197
766 811
14 442
841 972
644 21
683 569
325 816
670 848
984 503
933 17
725 565
455 578
352 353
597 885
727 938
174 30
840 534
912 131
804 433
382 157
93 214
477 183
562 127
747 57
965 898
326 836
149 853
210 933
858 841
125 342
322 321
721 567
918 139
277 241
851 212
913 290
340 599
749 781
253 65
607 755
996 590
427 829
245 606
53 479
642 888
970 605
478 777
104 749
11 139
451 64
894 500
950 58
662 494
168 894
228 822
745 100
357 406
379 418
803 260
115 412
105 797
836 452
910 583
179 2
548 592
294 280
480 926
963 987
67 174
967 515
548 679
406 785
99 257
341 196
858 94
930 355
185 296
422 15
449 99
378 315
668 322
227 50
29 280
88 844
855 940
553 646
113 143
423 512
887 511
13 772
536 611
246 805
248 513
100 610
670 658
584 815
144 972
640 961
715 7
131 214
84 222
302 141
583 4
421 257
297 371
619 816
54 621
276 193
47 296
620 158
213 528
714 87
565 666
914 533
58 723
184 778
25 266
45 951
417 688
434 750
879 992
491 995
610 375
24 590
279 506
282 266
957 411
324 129
55 19
556 468
296 610
780 140
323 843
894 54
371 372
971 983
276 467
573 579
172 92
393 665
726 401
874 66
68 29
898 498
228 859
273 118
287 706
185 136
737 459
64 795
881 715
389 399
157 99
821 396
475 832
721 104
467 848
158 343
752 642
186 300
171 216
318 25
214 94
159 843
682 228
714 23
80 158
597 407
190 983
485 665
826 711
597 376
448 257
636 210
52 899
109 174
421 692
830 150
209 728
908 580
909 285
711 145
533 307
990 984
209 873
283 494
142 295
772 186
297 222
227 669
36 893
697 858
903 737
64 110
301 271
304 573
911 143
541 894
112 892
933 346
596 4
927 380
729 413
951 362
700 42
406 165
62 779
12 36
839 561
92 474
292 820
504 434
529 999
571 172
370 615
120 130
586 98
876 585
985 819
12 409
822 398
823 995
242 828
868 728
229 2
582 526
608 245
517 709
617 105
375 873
267 954
234 571
417 9
401 652
422 282
370 43
502 532
803 685
510 791
646 21
531 823
503 169
682 841
282 710
523 427
270 972
263 748
381 651
916 746
555 90
873 563
917 366
948 59
860 863
679 181
868 370
229 696
285 630
252 527
182 978
721 49
443 546
498 651
83 523
54 792
130 680
630 335
922 700
131 917
100 570
818 893
514 578
201 837
66 617
819 93
2 257
700 488
648 275
170 987
782 706
309 792
540 432
942 4
193 539
909 197
801 964
306 282
426 855
138 476
174 221
477 372
36 568
443 204
707 651
357 782
808 529
860 237
104 611
956 761
680 448
298 591
280 974
926 325
379 552
147 414
112 913
281 420
138 103
506 925
52 481
645 237
789 964
537 155
349 544
777 900
9 274
379 374
567 371
493 258
519 236
722 504
119 328
428 627
492 446
823 538
449 934
135 692
830 274
388 769
461 501
433 936
252 478
234 817
199 321
368 707
985 130
281 992
658 306
217 994
694 668
789 632
846 587
958 1
726 45
125 682
517 669
458 303
702 10
761 590
781 393
817 976
182 958
311 734
306 878
701 338
351 201
977 650
291 564
433 628
315 737
630 171
845 219
407 88
844 717
452 353
999 819
782 815
624 47
809 243
16 457
608 531
400 936
2 148
274 913
442 351
558 129
351 653
257 819
468 431
475 413
662 931
131 697
541 4
390 678
361 278
36 250
827 209
793 929
780 233
693 696
361 803
35 34
202 593
315 274
478 802
484 443
180 924
436 518
880 724
963 303
682 717
775 68
669 449
651 122
485 160
858 394
125 153
212 799
388 967
171 465
545 332
820 962
522 951
819 411
276 892
941 638
376 736
252 115
501 75
319 783
911 203
274 252
863 706
403 480
260 447
446 390
679 236
385 942
687 737
435 32
971 178
627 564
393 500
838 678
950 816
934 149
437 995
47 100
123 706
674 718
734 486
809 973
654 167
268 294
700 289
545 564
505 503
639 316
605 508
2 201
40 44
926 950
487 400
610 389
302 854
12 104
399 775
908 85
11 746
818 246
253 947
111 597
844 806
889 187
942 175
102 184
504 407
690 626
383 673
3 495
866 605
461 714
915 654
989 257
2 781
332 516
333 221
650 737
633 303
135 107
638 56
984 959
276 67
519 385
388 645
227 896
998 160
621 795
547 968
196 250
860 129
898 56
737 458
901 577
741 386
836 426
198 903
56 924
517 625
205 197
707 159
526 705
85 543
894 755
697 149
919 786
25 528
190 44
161 464
788 171
928 318
802 347
198 560
18 330
664 360
494 319
96 890
968 702
881 67
365 178
717 989
9 998
193 65
639 668
14 81
937 322
666 896
140 479
88 984
655 456
198 365
916 932
784 586
568 337
142 292
866 74
683 512
210 550
835 861
31 532
588 643
865 258
991 326
780 365
303 704
141 165
415 282
970 79
109 753
700 436
774 855
520 818
978 690
596 5
46 34
656 178
651 39
131 864
297 520
304 284
555 981
678 10
516 669
28 799
488 600
305 134
190 869
475 370
823 271
22 357
975 385
390 505
232 605
374 776
124 603
505 975
56 747
219 841
551 583
911 783
241 610
862 924
124 313
194 341
34 17
115 422
25 978
778 176
561 768
671 335
269 133
911 508
205 233
1000 143
46 811
398 336
389 115
396 552
534 959
683 19
657 636
473 51
631 238
722 710
762 912
749 159
17 366
721 777
739 118
43 670
562 898
464 617
677 339
327 222
331 155
892 472
839 67
307 82
190 674
143 760
148 982
19 454
166 623
870 735
778 953
429 923
340 10
821 581
25 789
718 803
41 147
444 56
192 1
964 973
981 271
930 991
990 215
265 804
710 214
195 69
867 505
534 211
297 612
49 507
140 918
344 521
145 552
707 650
689 171
853 904
306 637
911 814
590 725
148 360
456 161
827 402
178 109
251 612
214 616
505 852
552 667
661 39
573 763
102 829
603 376
55 745
367 171
464 122
372 531
447 67
911 464
824 490
841 524
489 689
110 139
94 780
996 232
851 675
837 984
845 509
792 247
69 963
216 521
746 632
756 607
351 389
775 361
580 701
895 681
75 92
367 556
174 608
307 773
791 723
299 933
856 486
605 757
859 152
396 365
122 115
629 352
39 940
597 898
156 712
840 649
92 718
827 901
990 179
738 56
920 772
943 859
526 305
443 13
801 999
476 115
29 248
358 107
714 275
68 514
410 400
193 768
34 260
417 500
328 57
313 314
976 645
230 128
233 124
253 97
54 114
220 366
706 163
82 395
564 827
357 3
465 343
909 684
509 840
42 557
698 572
357 404
435 654
823 859
393 942
968 854
698 440
176 441
20 378
739 610
332 52
501 667
835 151
178 654
432 738
972 996
475 516
830 414
265 454
873 633
468 740
271 216
576 692
369 138
521 21
243 657
599 308
506 485
514 886
127 471
697 308
492 208
826 656
97 512
689 735
333 896
847 231
9 858
341 405
127 715
53 513
221 703
627 932
576 541
388 314
468 8
307 394
540 164
965 689
239 828
644 922
187 721
95 440
26 190
904 807
101 827
999 854
356 980
253 592
733 294
847 290
429 133
175 598
309 960
898 63
595 411
245 286
46 481
818 326
76 860
771 836
590 864
426 703
266 772
28 939
12 352
662 174
756 61
849 501
760 56
633 415
160 749
250 969
825 749
882 454
797 367
524 489
980 795
56 925
521 629
828 855
525 785
568 488
750 288
553 804
564 405
186 659
99 686
337 869
765 381
679 492
82 947
88 524
821 172
109 394
772 352
852 726
544 271
449 77
108 710
489 655
790 772
26 753
647 945
83 896
490 898
97 556
705 941
942 562
445 106
174 664
711 147
514 717
924 696
117 338
728 233
372 493
378 942
19 538
478 157
545 614
804 277
472 342
880 115
374 333
400 98
398 749
112 348
554 911
921 384
886 296
382 219
275 696
249 774
190 538
165 512
187 72
528 581
121 316
84 688
512 897
932 486
846 356
336 541
79 383
362 961
146 786
736 94
223 768
512 687
936 543
480 651
945 855
482 787
931 260
312 436
220 709
793 299
483 397
928 526
466 581
638 823
256 139
989 695
93 336
639 307
91 193
94 672
522 13
891 358
825 953
801 82
52 220
55 987
169 914
501 595
63 508
379 59
539 871
843 840
321 439
227 255
137 203
380 455
294 915
422 164
80 267
543 836
416 781
18 81
420 973
848 768
579 624
378 83
531 245
127 380
528 78
94 143
593 604
478 238
501 151
411 179
32 844
86 499
805 79
808 317
365 584
577 480
527 918
69 999
71 506
258 181
135 601
600 46
657 473
938 267
330 259
704 28
886 308
656 141
932 36
864 338
183 994
166 756
972 932
281 110
724 198
676 33
93 913
21 592
633 132
407 619
232 555
965 205
535 805
600 618
34 336
552 269
759 854
187 501
127 621
381 248
777 569
669 507
462 363
961 750
54 177
320 811
671 290
450 162
560 485
561 956
925 179
263 556
403 89
318 166
406 776
697 430
323 494
694 739
130 838
240 271
722 536
332 669
199 208
562 727
372 976
85 153
234 977
199 97
611 353
8 20
544 183
144 736
27 541
316 818
887 389
299 932
212 387
144 995
735 81
539 234
867 169
40 163
724 405
27 943
589 602
533 795
179 792
862 511
221 493
605 781
896 795
823 496
329 20
37 299
24 966
432 283
88 461
895 450
680 241
348 903
479 497
205 522
386 356
685 256
923 439
358 104
289 599
496 13
738 394
921 154
885 329
1000 680
284 814
525 296
33 618
797 616
12 460
327 793
534 329
771 521
8 775
922 487
814 681
140 616
214 557
737 428
578 1000
704 595
237 957
777 730
567 337
146 219
589 886
437 953
8 756
655 818
271 5
385 642
703 6
321 876
891 302
180 65
2 484
463 652
172 733
431 304
332 283
117 603
298 135
688 515
653 527
673 433
947 782
302 438
551 257
131 330
598 228
356 759
657 246
696 364
970 375
112 83
857 920
558 598
728 189
800 282
50 409
639 425
767 356
700 291
439 265
67 870
763 389
382 813
534 734
738 221
60 49
373 182
988 405
515 31
843 442
992 848
476 161
704 68
783 790
790 118
620 959
625 855
510 211
646 593
408 351
785 551
606 649
846 440
884 107
244 458
836 246
729 834
54 95
76 515
278 535
542 800
855 299
346 265
724 690
508 37
211 225
501 860
281 531
545 366
78 339
628 553
158 198
81 462
524 647
535 463
780 674
569 465
593 427
281 813
979 461
994 561
812 610
670 320
469 1
986 157
700 899
265 249
276 743
474 862
557 818
908 752
401 534
471 836
772 391
900 92
995 86
449 707
910 13
392 266
752 321
753 920
950 786
476 577
981 712
207 467
887 333
320 253
434 77
821 623
188 444
624 789
856 78
931 540
872 463
877 456
645 450
45 758
466 333
966 6
272 30
594 593
188 130
103 917
983 705
197 774
947 343
931 890
697 892
2 90
904 546
221 952
175 629
70 373
418 778
349 290
202 336
83 138
220 919
71 853
220 49
920 487
499 302
76 720
438 769
158 480
506 789
582 498
784 325
785 668
751 281
589 398
238 324
129 144
2 670
921 233
334 219
816 118
102 791
68 899
347 92
974 491
428 507
552 991
756 679
404 380
8 573
628 228
7 945
673 829
693 178
489 652
418 400
241 211
137 861
782 504
750 428
308 71
590 341
811 88
647 758
501 594
146 462
115 888
184 60
826 631
609 877
385 891
43 771
247 227
256 712
193 35
838 605
235 680
739 232
188 354
908 619
620 285
485 924
344 32
74 329
313 747
959 612
448 14
260 39
647 949
866 108
136 74
451 782
518 756
757 246
403 839
46 205
840 766
748 415
658 947
970 97
808 92
257 970
865 157
391 259
361 686
827 857
535 136
23 852
337 437
943 935
267 398
145 558
311 660
463 785
926 686
609 114
721 600
168 552
922 273
837 260
907 834
590 842
573 648
133 523
261 582
30 157
324 506
627 195
84 274
854 574
450 304
694 87
453 683
425 369
168 932
208 113
25 605
262 850
690 793
858 215
551 216
419 885
938 303
134 280
877 810
345 169
878 125
612 582
441 894
632 615
655 255
89 172
180 29
781 565
378 146
750 170
934 29
293 491
349 579
834 129
95 160
450 631
374 121
840 941
32 250
341 352
970 34
183 541
386 801
443 688
49 601
396 202
225 624
168 509
204 623
44 724
939 740
597 896
340 415
912 360
435 389
791 32
926 817
83 503
946 11
50 212
225 683
956 208
279 381
727 791
732 911
179 249
127 855
735 532
997 573
860 302
513 438
624 415
862 681
468 560
390 308
391 5
15 937
822 299
426 616
203 351
563 637
103 396
732 92
400 631
205 508
444 864
428 157
67 487
343 154
501 982
746 307
198 926
916 105
686 599
232 196
656 614
546 928
389 56
690 829
877 893
73 773
682 893
699 585
332 54
975 812
544 630
321 259
930 383
535 840
57 249
973 315
207 811
227 169
523 500
85 203
159 992
199 183
931 149
648 771
850 122
304 969
100 945
449 16
195 532
295 410
258 68
808 585
223 66
406 742
499 680
411 616
56 285
23 363
298 422
725 125
160 331
895 941
821 522
459 761
227 357
286 890
832 236
391 421
715 565
876 157
914 510
434 773
810 575
60 50
45 802
928 511
585 885
987 697
35 276
18 602
353 937
465 695
620 809
359 215
651 683
664 755
679 992
650 906
585 87
128 988
816 365
466 170
374 803
196 455
280 922
953 857
923 688
139 344
28 980
837 346
452 248
471 76
922 123
258 593
542 801
671 199
675 128
569 645
474 451
883 37
828 994
301 542
642 634
717 406
133 869
66 264
525 783
124 502
234 594
190 249
247 504
447 234
397 513
38 829
246 688
251 106
786 819
329 804
366 265
83 789
341 85
911 89
143 451
38 31
331 99
260 45
32 68
783 147
454 879
991 28
316 772
407 191
528 932
907 972
929 699
490 531
967 39
346 543
919 320
260 835
961 202
368 405
819 212
360 751
911 748
715 39
923 50
482 862
744 629
639 332
141 81
986 734
460 777
179 851
25 377
960 172
444 373
430 192
515 122
148 625
165 701
387 655
745 603
58 401
748 346
842 275
314 968
12 183
383 582
349 338
656 132
895 566
860 66
680 488
472 736
43 408
25 181
29 709
747 432
968 35
141 759
612 626
449 626
730 741
286 95
45 208
676 707
271 809
419 634
429 539
333 32
997 9
708 188
466 579
582 669
935 435
95 634
140 676
365 219
377 769
730 775
532 113
368 588
555 176
8 653
123 210
485 455
949 72
69 543
450 913
786 791
74 517
612 5
707 299
138 530
324 889
952 194
972 189
86 279
536 941
114 740
134 889
874 782
800 101
286 912
503 442
964 952
58 851
240 82
279 5
961 214
869 997
304 767
670 750
161 942
553 508
369 515
273 136
696 404
292 487
365 727
22 216
911 425
636 694
359 57
779 588
934 668
496 616
885 194
297 617
75 787
562 39
291 7
883 417
248 104
894 227
487 699
681 540
11 21
684 856
755 776
348 370
441 336
396 796
150 440
903 26
281 319
127 160
980 639
51 913
983 808
396 984
954 30
333 115
599 888
160 535
203 587
645 457
6 42
134 255
997 45
393 951
18 753
860 507
57 2
954 880
765 434
83 454
518 32
186 585
763 440
302 847
868 985
159 894
694 656
839 775
863 379
204 164
197 746
692 113
750 171
398 252
436 311
311 677
347 660
701 509
259 278
886 827
236 228
109 882
221 600
256 836
815 218
356 733
553 335
832 274
373 958
875 340
108 189
93 271
554 803
773 707
761 285
523 996
680 94
144 131
416 632
914 411
628 555
862 362
575 984
411 447
106 829
896 797
274 909
187 404
98 713
980 223
837 178
647 628
700 238
244 210
983 633
840 505
7 637
897 790
515 195
738 392
211 376
249 685
16 890
325 256
970 759
341 211
59 956
998 41
339 412
275 150
470 630
567 28
570 288
400 616
211 598
855 257
231 555
381 154
405 890
689 263
920 109
775 209
542 228
691 810
581 642
56 2
846 798
974 339
797 426
180 476
539 799
133 34
689 429
802 307
877 781
578 411
955 787
427 410
467 665
284 33
54 991
164 735
717 821
61 817
373 719
981 11
123 504
550 159
626 497
311 649
661 734
384 297
95 118
252 563
911 951
18 919
387 214
902 683
190 745
319 758
199 869
700 334
867 199
444 12
47 465
382 960
532 835
258 200
991 366
605 504
771 26
921 425
169 332
481 98
179 999
932 239
202 268
136 914
80 492
982 488
828 447
525 505
672 915
681 715
439 207
975 425
484 500
158 781
864 122
885 476
478 770
7 24
716 926
591 366
466 973
565 591
16 516
842 688
996 333
779 161
826 873
358 598
751 229
882 340
169 647
849 37
464 69
357 262
105 309
458 687
638 67
475 54
128 166
892 12
158 344
352 577
464 355
906 262
835 372
530 410
217 941
493 1000
443 468
99 433
338 939
9 921
172 707
948 44
952 39
707 941
133 312
51 163
622 942
236 157
553 741
200 923
813 811
448 9
244 551
647 848
929 555
19 543
536 755
187 641
832 346
249 184
601 403
782 888
17 194
951 752
576 206
153 819
177 149
729 480
268 36
841 254
839 927
555 952
577 724
429 119
529 841
55 221
993 132
742 313
724 796
361 466
470 732
625 881
767 764
421 868
653 441
620 556
343 311
737 264
591 221
667 741
963 346
910 887
436 762
737 377
387 842
547 1000
414 145
162 86
510 574
205 20
133 823
449 738
786 567
508 75
627 7
635 528
997 153
1000 831
142 686
694 875
109 329
845 469
745 787
221 488
194 201
90 22
551 135
976 27
226 726
821 141
164 22
990 524
419 953
198 419
843 986
772 470
331 14
540 858
759 70
299 556
374 224
568 19
436 451
455 417
916 981
757 545
799 844
108 459
36 696
330 989
739 123
761 407
689 658
193 323
106 548
934 800
312 559
460 735
28 443
430 3
982 572
52 561
884 719
776 301
823 489
990 362
374 735
365 804
468 400
552 67
211 31
82 238
27 659
893 726
768 619
749 914
899 679
662 11
476 26
410 440
414 320
608 985
239 309
370 388
405 131
724 935
175 873
452 162
901 995
813 151
372 377
394 144
711 972
909 644
492 774
826 98
510 459
148 74
613 314
923 1000
975 400
660 237
205 56
996 261
834 680
372 543
180 330
306 957
539 901
349 889
206 738
100 417
599 89
363 785
398 304
665 627
5 242
985 718
422 485
423 820
835 332
178 633
14 243
604 535
308 468
240 258
536 879
651 622
467 621
355 60
197 140
368 422
332 321
961 407
653 633
156 951
518 36
311 725
682 475
585 101
207 484
62 207
83 554
763 156
984 223
213 179
506 175
319 160
511 946
824 21
614 865
649 867
887 311
190 605
709 563
162 790
684 887
792 853
79 847
707 563
28 415
130 427
296 991
60 40
465 568
942 442
191 962
819 301
892 845
309 839
515 36
83 102
158 628
947 401
783 831
628 714
684 548
791 256
794 100
483 957
559 292
272 890
654 520
236 591
976 746
59 78
222 526
462 586
779 329
513 293
328 61
797 613
637 358
374 884
141 685
310 236
760 911
317 62
380 755
361 196
662 480
77 128
461 33
337 83
10 75
881 136
55 713
973 70
920 110
844 276
285 68
397 906
750 264
791 767
446 169
471 750
260 277
320 552
561 96
765 710
786 973
950 632
848 30
8 469
209 468
138 600
70 535
17 665
569 148
352 872
593 366
21 781
540 787
27 320
778 648
528 811
743 573
711 282
236 186
734 713
881 43
772 430
468 933
769 884
347 864
264 364
601 5
529 288
984 757
605 725
862 188
452 380
22 935
248 630
890 45
773 550
279 189
27 908
448 231
840 681
144 224
753 684
257 903
841 702
98 379
91 11
23 509
876 302
144 127
112 387
24 549
794 201
865 458
227 978
1 288
529 876
380 977
129 382
662 64
349 475
956 357
779 740
301 88
429 419
99 516
55 105
153 481
634 746
301 233
604 454
14 736
789 180
662 162
295 399
668 939
278 699
137 565
408 666
936 551
24 481
85 824
505 784
253 498
392 989
823 778
275 272
480 594
64 785
600 835
968 231
254 516
935 477
203 546
854 727
487 10
622 371
825 979
302 945
498 221
775 325
464 469
742 952
484 920
964 386
569 470
989 881
167 149
7 620
164 877
312 984
518 376
406 934
959 798
713 992
255 573
865 857
307 204
36 566
167 57
952 890
687 881
970 918
69 586
749 472
472 60
736 857
994 385
867 149
423 691
64 400
799 760
1000 626
486 557
602 714
807 521
292 461
938 603
762 135
585 902
235 13
918 504
957 350
308 396
13 486
3 272
461 724
227 974
876 364
166 863
23 930
107 757
736 227
662 223
349 336
249 612
476 98
875 744
380 714
21 62
690 703
820 754
237 608
510 428
58 53
349 626
509 780
629 555
632 257
791 272
464 147
854 640
747 720
659 402
314 509
483 286
800 588
500 388
750 448
312 150
208 39
66 413
412 177
711 559
413 360
967 961
492 487
665 519
100 834
413 281
217 904
877 923
882 938
169 813
835 497
874 577
446 323
894 861
971 224
610 544
475 273
683 820
192 713
48 877
178 948
804 960
518 646
451 981
831 724
914 147
18 988
75 149
562 737
34 503
984 115
394 939
52 643
554 845
921 582
204 582
353 132
800 962
598 402
514 463
52 562
847 369
630 758
16 483
434 846
291 43
457 55
365 870
867 508
761 97
979 150
942 14
112 459
679 981
334 382
762 381
603 947
742 474
779 300
830 226
163 195
607 644
242 632
645 999
614 224
154 898
834 350
915 717
509 974
646 687
30 128
214 621
702 662
243 207
585 395
281 430
802 216
252 135
954 911
850 812
579 502
38 921
13 855
759 737
1000 208
428 617
565 856
969 609
255 774
508 363
481 845
668 599
265 92
489 373
881 300
679 113
42 118
844 295
925 465
708 967
527 397
990 745
477 554
778 661
88 887
394 666
436 305
424 345
188 693
80 491
133 383
930 683
921 768
157 290
946 341
984 160
863 869
313 772
888 956
830 803
634 160
196 923
785 98
434 16
363 122
936 466
574 292
585 973
325 202
493 395
184 646
134 249
211 175
567 602
89 527
735 640
135 974
413 680
250 506
692 725
776 268
884 893
580 988
96 91
187 116
996 742
137 911
231 839
272 818
110 620
209 182
64 616
709 168
345 861
970 580
832 621
450 480
158 49
641 9
91 510
589 339
537 903
251 756
159 425
312 368
864 813
293 584
186 760
171 100
450 53
432 520
159 719
471 745
661 393
829 210
394 604
590 400
702 206
797 202
191 335
13 603
126 956
415 266
131 400
976 371
160 96
554 80
493 804
316 416
648 149
737 856
445 65
844 916
416 841
92 905
493 582
187 615
937 947
47 467
748 60
45 654
961 781
781 26
395 931
885 102
174 61
212 240
50 247
969 411
236 654
421 620
577 718
425 617
10 601
453 155
491 984
366 660
195 261
742 275
524 930
338 77
301 87
956 527
295 569
573 508
188 775
93 838
646 740
24 371
298 638
153 401
546 456
818 421
159 367
732 35
581 232
443 488
489 378
953 299
256 53
198 357
592 116
711 804
548 492
141 946
846 201
122 962
8 517
950 315
493 196
298 946
25 538
160 831
967 816
473 424
271 101
404 863
994 602
167 148
704 960
817 679
322 95
621 345
712 459
970 890
42 78
887 186
209 567
692 388
514 932
592 240
848 138
955 942
226 786
562 920
563 738
787 217
200 925
593 730
297 37
705 928
624 816
696 157
274 271
114 590
832 301
502 921
43 598
653 785
930 834
493 554
518 965
814 476
579 697
283 404
726 696
430 485
291 929
255 112
224 962
313 941
61 279
746 513
418 548
516 317
754 736
993 440
985 468
763 530
656 168
378 764
59 171
27 649
46 407
908 22
361 327
913 680
788 588
187 79
480 51
137 886
619 448
224 968
10 351
928 950
619 337
292 529
864 18
462 481
409 795
11 123
585 338
750 628
306 693
955 288
522 325
297 974
671 164
343 23
203 672
747 456
21 287
471 435
424 802
958 931
685 665
284 726
105 279
803 594
471 288
988 590
717 8
384 740
593 122
955 639
740 255
116 689
561 996
468 538
178 822
15 613
787 422
864 563
9 42
828 8
912 821
753 900
195 538
293 354
20 430
541 28
262 551
946 588
731 690
713 899
398 231
259 319
575 493
782 137
160 424
587 467
456 406
238 593
322 526
528 899
195 894
161 562
992 720
754 467
57 641
64 163
338 574
73 634
402 463
870 758
730 412
417 934
252 859
19 682
338 352
451 643
13 440
26 954
802 228
995 562
809 11
927 345
417 568
948 868
823 280
420 285
576 91
978 291
849 236
287 79
126 253
935 979
778 296
993 166
956 302
463 270
121 483
239 311
63 613
688 910
139 93
710 660
55 449
239 164
997 840
628 180
779 154
655 519
986 362
937 806
81 104
707 204
75 462
142 537
604 860
508 105
738 918
8 733
48 263
836 383
983 504
622 296
316 651
78 478
440 215
367 516
523 460
781 672
874 447
607 265
212 682
543 918
324 280
172 963
878 355
825 341
787 323
578 103
579 962
178 857
89 82
308 756
94 221
648 73
190 752
929 608
844 373
22 921
706 370
200 524
731 813
970 175
878 556
666 740
773 704
957 419
406 427
983 416
744 228
691 75
140 195
52 535
914 406
184 647
724 1
184 113
66 759
451 556
519 982
153 233
301 481
620 193
474 951
1 301
202 358
462 140
638 293
768 585
893 514
804 159
435 724
55 7
59 64
15 949
932 315
681 637
538 926
22 295
999 32
836 159
230 186
817 456
324 75
76 532
152 252
7 70
570 414
115 503
6 122
798 230
67 120
870 792
750 671
788 440
395 435
498 36
975 522
627 763
907 346
342 501
656 602
142 757
589 180
437 391
24 212
815 726
980 995
394 458
638 707
73 777
332 50
995 498
359 843
858 38
215 743
644 445
241 104
714 262
455 203
333 600
856 571
783 10
550 608
603 968
237 508
535 949
772 281
246 330
781 597
873 524
69 707
92 868
147 861
648 150
96 947
11 901
317 21
429 571
344 109
625 44
643 413
806 123
184 470
192 929
412 702
662 538
312 634
406 452
710 374
857 802
457 492
700 949
919 30
61 242
378 886
70 96
533 648
255 44
98 377
649 639
398 650
150 59
170 813
682 37
65 74
295 480
496 947
6 538
944 679
482 762
600 265
728 766
315 454
957 907
619 372
208 497
408 211
211 646
379 632
470 913
16 1000
332 914
309 432
254 955
498 505
6 102
746 275
640 172
107 855
551 958
312 269
21 363
685 692
997 98
484 11
33 437
416 315
859 65
915 851
879 130
397 449
178 733
323 284
950 683
556 822
678 620
388 192
320 566
86 45
731 312
130 779
682 236
167 356
301 928
35 922
576 662
8 66
125 60
182 974
53 510
762 816
598 170
356 513
252 594
80 536
867 151
190 648
339 846
819 216
692 842
607 89
916 786
139 743
508 990
491 8
112 195
24 869
870 532
230 695
515 977
516 318
520 825
301 408
254 974
516 461
611 969
193 672
585 230
304 678
813 398
417 453
839 702
988 148
3 560
141 77
56 773
272 479
435 957
241 650
154 991
86 530
286 48
290 47
474 304
243 245
483 546
664 48
284 561
51 806
233 975
340 885
948 584
132 621
833 744
563 105
160 638
379 354
716 611
823 665
661 238
186 718
314 507
770 68
10 792
194 853
876 160
893 341
180 480
401 533
985 90
103 916
163 545
739 928
385 717
631 374
742 565
551 17
973 511
596 654
687 561
962 112
321 120
970 118
703 315
744 808
411 107
161 576
204 424
853 123
247 796
812 303
882 541
666 542
667 459
61 88
580 952
264 294
304 755
213 781
490 642
511 104
293 165
4 296
304 578
587 129
736 581
952 514
903 573
170 963
193 610
220 933
396 1
734 195
856 116
97 14
830 758
652 210
525 92
250 484
754 916
320 559
858 890
144 456
163 116
723 12
84 722
837 508
784 248
289 574
19 31
755 671
710 938
258 755
261 560
634 544
764 727
304 29
915 719
805 751
129 70
183 271
721 748
23 678
836 405
487 917
94 981
366 798
37 966
370 357
486 261
264 586
210 943
332 809
115 395
815 844
10 37
963 89
103 730
930 114
717 90
506 348
224 529
834 726
427 148
564 499
401 497
773 361
80 48
815 674
542 430
602 221
711 525
983 360
207 850
687 612
839 329
190 969
490 802
587 656
422 107
484 688
655 107
164 566
167 445
317 496
85 20
565 282
126 864
218 631
221 596
347 793
576 589
574 200
226 74
666 183
545 966
291 538
2 475
140 382
496 460
387 15
465 787
635 347
803 418
213 801
362 429
457 503
90 270
818 1000
172 446
514 465
700 388
830 515
62 135
374 655
768 715
734 191
183 943
442 29
232 879
692 727
749 994
978 260
410 360
505 686
470 680
701 281
967 128
898 197
186 211
561 389
689 200
966 764
186 66
168 585
511 772
685 28
48 175
180 612
943 460
336 362
747 636
874 69
380 867
987 141
660 285
537 206
210 478
289 917
246 911
105 349
233 784
875 481
327 155
419 647
591 549
423 247
261 232
214 216
689 389
73 776
682 870
367 938
449 457
123 158
729 30
721 293
777 27
190 32
392 119
262 116
618 935
345 57
200 788
38 244
463 585
194 302
69 706
517 647
83 602
639 625
689 499
476 635
194 947
260 852
888 953
877 333
432 868
351 954
634 194
17 218
291 903
865 510
114 778
5 585
102 455
84 86
639 292
287 339
680 949
644 784
206 417
28 621
614 509
106 172
718 431
358 270
941 244
604 338
586 229
89 779
399 760
685 239
462 24
824 877
876 606
200 7
453 443
460 705
402 650
275 676
776 947
751 250
51 973
608 226
886 424
485 204
731 236
396 883
489 713
312 270
369 355
306 945
777 964
134 187
543 277
582 709
18 416
460 13
142 833
548 716
881 281
829 537
461 437
527 342
780 748
199 257
660 885
203 194
366 274
213 605
246 292
281 725
35 341
522 9
351 107
924 209
799 967
302 613
437 606
496 54
759 239
30 231
355 253
175 78
13 863
161 532
473 874
43 584
725 28
545 910
892 547
752 214
143 541
203 270
611 157
886 1
335 46
954 756
771 493
809 162
207 255
762 130
931 659
828 121
116 315
802 668
13 483
988 375
130 1
258 458
386 183
585 229
947 458
396 380
145 580
183 4
386 294
889 863
765 282
28 791
875 860
548 78
469 899
935 958
79 324
245 620
412 197
237 716
665 95
684 269
794 381
466 794
842 577
756 399
918 938
613 258
171 371
872 644
673 981
750 741
863 846
111 53
718 71
341 560
899 375
896 35
647 462
389 490
988 251
526 677
492 368
789 649
150 989
523 341
360 229
858 108
369 105
160 204
409 513
489 912
226 837
544 290
851 926
375 420
303 315
929 888
363 484
256 718
325 347
298 345
514 825
317 92
347 681
505 228
912 612
228 98
576 669
734 279
32 835
503 335
207 290
569 911
420 57
909 107
474 814
39 506
353 123
207 64
335 92
131 462
399 786
211 498
650 712
936 821
810 504
594 849
334 492
10 494
339 609
604 282
145 945
121 594
49 221
734 669
233 25
486 453
826 110
850 920
355 522
357 219
907 419
125 140
785 771
479 917
814 630
195 482
215 237
108 833
822 141
669 278
711 639
823 621
920 820
481 834
778 446
542 431
108 615
159 869
873 402
887 207
816 596
319 867
696 906
74 546
950 515
296 504
761 740
998 831
90 264
623 422
971 129
792 524
248 640
213 206
623 535
403 538
723 657
995 916
541 256
448 497
677 192
770 546
662 636
94 82
41 102
938 764
64 129
118 116
361 961
178 185
145 759
202 51
350 395
98 480
139 558
726 742
682 315
736 610
18 737
862 486
370 992
351 615
305 907
54 526
607 438
667 869
481 202
790 503
743 182
821 259
728 885
177 209
965 904
838 142
343 548
326 946
274 793
573 339
979 36
504 388
893 758
196 346
141 455
37 566
312 365
712 824
505 542
713 193
953 562
757 811
97 356
650 754
68 35
34 143
876 650
589 511
862 973
223 833
8 782
832 608
836 40
202 824
702 689
745 82
565 743
567 313
684 251
686 601
247 381
380 66
734 881
294 278
556 957
224 574
138 178
12 783
682 871
95 718
544 652
319 822
694 710
806 268
304 465
464 267
449 121
15 190
734 546
441 525
557 711
964 735
130 583
772 426
645 164
385 982
83 605
321 976
144 951
535 661
458 219
421 469
773 768
467 363
160 321
905 489
744 543
457 402
573 36
323 259
947 211
72 567
370 772
645 669
615 830
426 778
726 637
453 247
140 62
300 878
675 330
123 793
288 818
768 361
258 406
645 794
760 354
808 838
799 213
415 220
171 616
19 907
718 334
760 64
797 581
101 328
139 103
162 476
695 170
254 814
555 543
811 937
577 783
154 616
934 693
129 830
183 487
78 203
315 535
389 356
107 841
806 767
81 438
965 845
584 475
788 205
682 968
129 984
721 102
778 487
907 917
267 630
242 210
708 907
559 727
251 96
796 747
593 317
652 902
392 20
946 679
229 569
910 506
640 746
442 902
705 820
647 937
246 340
303 151
415 969
571 943
454 865
994 669
355 252
193 201
925 696
50 338
892 461
477 817
28 317
605 986
41 368
291 981
61 163
482 856
897 959
607 232
168 55
26 189
317 451
905 662
563 78
527 555
96 32
698 747
735 692
550 158
153 822
390 581
291 128
384 494
107 209
9 109
657 279
549 257
236 636
572 998
779 160
233 258
709 178
241 831
24 291
956 500
460 202
104 625
690 296
45 244
73 314
326 676
419 258
521 814
462 484
375 605
54 50
432 199
992 447
902 492
427 908
140 559
141 834
769 441
453 688
348 394
441 24
92 799
390 163
713 580
145 806
422 272
831 188
744 366
337 808
282 966
821 502
87 686
702 427
171 161
358 849
936 250
310 532
795 628
62 85
599 150
621 314
108 659
111 488
167 266
264 123
376 946
213 440
114 655
251 394
237 339
187 962
884 223
411 26
50 374
213 154
932 515
490 625
87 689
715 104
37 76
593 596
9 747
411 139
178 146
753 782
607 191
622 536
257 594
519 862
169 382
546 984
230 337
942 758
73 154
889 746
721 939
776 417
631 587
980 193
876 370
914 595
737 988
810 640
387 721
712 654
140 911
533 928
201 143
55 60
168 448
921 134
519 87
390 323
121 480
28 884
177 406
451 307
182 161
705 191
261 574
79 347
840 161
190 545
607 785
560 800
861 985
927 158
399 465
935 643
962 639
500 546
67 385
346 200
722 351
599 999
30 422
169 706
194 183
600 942
488 392
146 306
176 613
477 11
199 502
812 259
946 781
177 828
677 651
91 850
521 151
995 296
647 723
635 785
708 963
287 307
730 7
807 905
701 966
556 655
812 545
982 401
877 69
381 790
388 440
899 437
639 607
969 935
256 858
421 48
133 396
249 281
670 701
819 229
182 807
678 152
582 424
891 823
984 83
508 913
752 31
715 485
199 780
58 992
792 858
585 182
945 408
728 88
838 493
362 314
420 849
607 288
495 762
67 771
486 971
483 141
953 998
507 233
314 680
889 52
174 148
733 507
130 871
348 927
996 787
664 467
489 215
54 809
459 241
992 170
591 114
188 935
167 731
511 461
894 400
181 459
811 588
817 243
509 863
129 376
721 863
719 764
208 310
996 343
134 66
546 130
512 286
752 572
107 876
293 995
185 234
940 142
1000 161
818 171
342 400
981 711
873 838
86 917
38 776
848 388
632 539
611 605
389 178
80 377
554 314
384 606
95 862
652 951
815 561
32 448
126 928
235 728
622 916
914 53
473 227
865 673
592 167
990 688
875 848
728 359
416 845
933 248
981 236
88 117
18 800
79 697
627 637
289 712
31 570
508 949
622 609
736 656
348 686
828 224
477 974
465 910
619 813
601 298
505 509
982 633
452 668
473 607
572 253
991 741
31 6
887 564
526 282
552 113
939 999
120 915
192 352
139 299
250 538
378 229
595 418
907 351
804 190
474 569
989 230
258 262
850 172
689 234
525 180
73 285
920 258
285 594
746 124
249 572
909 630
290 6
441 146
336 328
125 194
971 814
54 198
935 331
379 347
469 714
988 759
567 97
720 381
648 746
551 604
483 489
632 79
289 32
971 524
233 33
768 178
230 551
480 804
467 714
375 45
858 57
203 548
43 799
782 262
341 94
142 97
110 835
460 380
504 692
443 656
178 909
930 636
787 221
341 432
948 328
914 168
701 219
477 816
746 225
467 262
985 197
472 432
550 415
364 134
383 186
333 56
757 873
580 924
316 97
444 46
356 866
783 559
36 864
700 479
59 449
477 978
60 126
463 99
249 51
715 314
737 838
370 809
701 995
316 327
365 587
11 691
84 987
140 21
898 105
681 271
738 360
278 911
406 176
374 612
240 632
993 158
690 366
906 575
847 272
999 416
125 275
714 325
79 326
604 423
988 6
755 821
257 610
918 825
45 195
508 355
346 322
368 790
2 662
355 528
210 277
24 113
546 202
856 924
591 622
25 585
727 126
894 533
74 810
402 869
179 106
604 922
787 426
626 254
631 371
155 724
949 450
627 728
475 583
827 945
260 121
212 658
198 878
142 125
824 20
199 116
912 727
14 59
199 5
985 684
22 518
76 142
933 683
468 986
625 233
952 807
493 633
442 765
60 316
576 712
794 151
269 40
326 27
516 255
50 234
292 150
886 99
889 317
887 734
356 774
382 770
40 95
149 611
589 855
301 360
880 231
420 394
488 318
562 79
103 45
692 766
288 780
310 329
689 848
482 718
447 544
379 854
345 938
896 598
816 349
671 977
785 598
783 967
737 189
775 951
923 704
140 750
719 874
229 474
399 464
972 566
721 882
738 688
885 527
255 930
690 559
358 641
573 866
137 338
358 528
792 82
686 690
446 183
215 878
551 208
766 383
872 868
446 6
13 673
809 514
484 812
455 93
350 845
397 292
146 100
294 80
170 366
961 105
869 544
731 515
471 772
22 546
852 538
883 356
28 247
678 153
969 133
875 333
127 232
790 406
519 812
929 791
49 674
986 657
257 957
918 458
131 900
64 417
905 685
454 778
430 144
931 685
532 916
992 845
187 429
10 686
762 299
819 528
162 613
14 962
291 91
239 625
754 951
3 520
701 609
843 908
711 409
839 754
296 626
941 30
531 525
638 184
569 919
343 260
715 945
692 698
646 765
127 400
409 806
91 324
736 31
557 95
86 601
362 657
292 676
43 374
940 248
501 990
548 501
915 970
110 194
81 72
341 439
547 823
786 549
659 465
860 470
114 16
721 120
670 179
379 156
683 452
260 275
560 265
450 571
414 120
778 999
329 816
825 155
238 832
226 664
566 386
34 531
532 278
790 886
333 549
407 290
264 52
709 878
144 983
346 656
331 204
960 668
652 706
32 175
715 162
181 578
723 981
60 373
282 864
643 302
537 823
810 261
151 31
374 460
526 505
577 39
586 300
126 637
606 171
572 271
258 195
712 95
705 362
524 746
696 580
212 142
71 437
256 229
149 780
461 554
175 600
788 949
1 269
794 66
707 703
743 37
128 904
236 937
428 509
410 506
290 148
145 895
989 278
59 977
393 645
585 441
180 635
492 821
736 59
347 254
495 66
360 351
750 716
56 568
112 980
480 616
318 344
531 585
785 969
458 839
864 974
78 376
526 716
907 378
376 664
51 748
659 493
773 285
336 6
651 881
360 140
864 556
372 883
545 71
639 931
603 201
752 525
258 101
847 293
246 315
545 48
178 571
476 820
57 910
810 52
114 361
388 482
523 665
319 522
644 179
867 10
219 741
264 191
598 174
325 986
697 719
662 587
57 616
182 443
517 115
670 762
715 479
166 405
95 369
260 986
390 793
305 759
343 795
783 558
182 671
364 278
701 113
98 422
889 401
407 778
410 26
728 17
545 749
527 565
269 997
201 951
849 771
187 356
553 933
126 379
254 396
37 490
519 538
776 534
795 274
374 613
274 980
710 899
503 899
827 165
224 94
689 132
324 233
567 191
344 679
955 89
589 564
63 989
928 826
603 760
253 63
224 811
176 142
716 520
458 1000
42 747
967 665
542 39
394 319
91 219
918 196
366 467
812 281
142 800
535 795
332 118
498 842
890 568
137 96
599 144
436 180
882 932
246 263
694 575
431 96
52 875
74 751
41 510
351 217
815 206
250 44
657 804
127 358
130 700
757 987
887 296
106 559
40 177
198 773
773 727
465 836
174 924
341 49
748 1
571 536
995 680
729 340
92 364
718 712
303 606
841 131
554 760
496 608
965 34
713 89
201 141
448 328
165 554
774 584
775 801
340 576
604 277
605 76
715 833
789 133
244 450
993 810
101 317
215 293
609 506
957 773
211 578
286 16
850 40
992 349
441 201
59 886
194 915
506 929
531 528
271 789
517 557
134 247
483 467
266 439
30 420
25 152
665 715
684 161
929 78
158 264
640 7
768 204
643 1000
293 559
518 24
617 339
160 892
414 545
155 691
726 206
485 628
416 69
377 752
713 930
109 217
751 734
938 985
260 237
189 193
636 814
543 802
950 800
369 965
297 96
709 939
37 110
991 493
523 6
889 367
329 288
294 742
727 968
946 177
918 459
500 480
505 336
912 240
793 659
757 66
637 940
603 868
557 192
126 179
92 487
241 923
572 57
816 491
358 102
70 426
491 899
590 653
383 689
439 227
847 230
708 312
908 426
399 529
609 405
404 249
158 149
280 903
608 107
208 409
685 937
410 697
302 224
289 824
254 546
533 21
480 566
412 608
821 266
592 718
497 782
993 641
763 411
545 344
674 60
399 213
937 662
609 593
60 835
355 713
483 348
397 532
489 563
111 332
96 609
721 136
853 304
209 444
495 347
200 469
256 619
55 789
861 175
562 799
925 399
107 50
288 60
930 487
313 479
151 971
423 934
282 534
355 116
891 6
697 321
791 667
61 954
249 330
986 929
783 640
735 46
972 332
741 831
164 308
810 258
995 770
356 840
50 399
732 727
576 843
5 949
779 942
193 445
925 868
468 241
749 672
205 962
220 719
780 460
619 188
306 327
723 234
780 419
672 572
987 545
903 410
934 732
687 508
512 944
144 276
571 159
77 490
349 325
755 40
673 739
766 494
896 398
954 252
992 39
422 958
405 196
903 197
409 769
447 345
548 308
767 896
935 756
148 154
742 198
471 52
826 37
708 65
394 137
323 229
142 971
402 748
42 647
688 157
428 408
217 667
927 474
57 66
475 863
313 168
441 995
423 151
25 540
267 619
55 968
119 181
636 1
178 681
68 923
879 473
345 25
53 328
318 136
421 148
61 877
338 818
1 898
68 333
7 424
763 236
195 904
640 523
678 87
577 96
960 360
133 450
136 378
965 521
52 694
398 990
101 847
389 761
286 863
145 397
230 866
700 473
259 133
117 121
46 191
467 102
197 433
219 665
700 72
296 926
841 230
310 355
386 179
577 684
226 434
413 618
610 300
59 30
496 980
872 859
7 57
233 263
585 122
874 984
922 556
214 745
34 323
950 221
880 697
348 380
802 860
860 202
112 866
663 617
870 439
543 471
410 753
659 554
850 26
789 947
201 963
741 426
157 169
989 652
683 353
846 815
872 422
964 350
986 434
15 428
697 189
551 814
590 304
167 33
864 237
371 634
341 331
910 699
68 570
270 282
67 483
673 21
731 283
273 871
184 198
612 14
812 568
762 639
963 700
433 665
179 71
217 2
878 329
381 783
938 994
498 557
463 525
514 821
416 792
550 223
511 817
350 113
572 4
819 138
527 197
506 147
499 966
540 112
373 929
17 14
891 812
667 426
657 180
895 876
972 491
386 962
739 496
614 716
814 258
706 667
362 453
895 253
363 36
342 623
279 226
381 341
729 149
961 632
272 131
594 954
765 393
228 716
210 947
357 928
789 275
849 520
296 664
617 756
799 174
396 755
277 591
337 333
410 563
139 83
413 912
732 114
881 776
935 559
457 628
883 815
32 807
261 588
46 518
489 427
586 539
401 825
254 869
94 990
555 600
183 443
459 742
483 581
512 309
423 10
485 306
578 522
65 613
154 734
375 832
513 925
690 245
955 544
349 881
246 983
372 662
517 974
313 224
660 954
702 213
243 528
190 9
773 603
692 459
302 56
198 628
574 671
575 446
894 621
15 215
49 305
709 793
382 755
329 453
848 999
896 466
230 903
325 913
725 927
457 361
22 915
494 844
633 640
61 119
139 470
31 579
658 235
87 967
127 234
883 840
847 685
232 950
433 321
148 732
442 352
888 673
227 593
709 349
502 501
144 11
535 49
596 65
406 143
409 153
282 393
103 83
867 622
64 321
853 975
50 812
921 103
686 161
693 31
653 360
642 219
491 531
242 663
439 787
296 768
742 72
304 358
659 644
300 458
105 38
716 962
863 893
898 702
441 228
86 718
34 109
287 621
932 918
517 512
954 938
39 252
901 737
780 546
251 890
256 334
55 630
750 46
665 678
777 828
304 208
391 592
13 546
494 189
333 705
527 377
129 658
540 756
393 261
506 390
75 487
486 205
596 707
99 493
905 162
856 688
910 397
568 100
236 178
652 52
956 731
523 716
268 757
553 257
401 28
277 641
26 387
173 796
486 569
739 869
539 195
117 499
245 174
913 10
602 458
520 180
313 922
960 43
586 445
514 398
914 500
588 739
922 923
670 469
64 399
282 122
546 799
953 566
925 788
196 644
359 120
236 645
131 883
486 348
64 318
796 615
656 210
639 1
913 709
555 996
662 88
934 733
314 120
988 54
90 677
605 2
698 932
385 29
847 197
337 260
656 496
289 978
436 632
24 378
315 333
565 549
840 252
767 899
842 598
801 464
133 437
613 489
387 857
211 637
209 727
493 411
149 319
133 730
299 238
483 413
300 317
854 636
376 555
675 858
994 883
850 751
691 785
512 108
566 211
108 483
104 758
960 830
777 856
742 944
801 66
394 488
788 184
560 311
86 39
409 725
678 795
471 635
439 327
998 872
198 444
660 737
847 801
846 652
838 620
625 113
454 869
181 563
26 628
709 977
395 649
69 562
700 756
386 844
390 876
557 969
853 466
378 946
513 50
52 695
666 577
539 175
743 391
69 340
400 207
499 523
876 251
491 159
623 926
520 831
577 306
10 661
796 980
525 50
250 458
642 462
456 325
904 891
700 56
277 345
5 842
407 746
999 76
927 499
457 687
605 245
93 897
370 518
285 390
847 217
461 814
79 323
671 911
283 838
973 126
487 542
626 678
572 704
993 893
319 49
585 347
659 700
826 87
186 502
149 226
281 474
162 886
968 188
749 722
507 919
43 176
299 202
166 145
30 78
806 543
150 848
627 480
703 877
355 755
427 174
426 106
65 954
359 824
554 366
864 714
627 455
161 70
136 219
7 584
74 523
260 100
561 767
449 37
342 808
147 810
810 22
455 408
717 581
22 517
351 219
782 192
564 476
940 611
781 488
415 574
516 107
957 39
689 649
88 48
416 743
805 115
666 425
218 16
889 450
653 959
819 427
417 959
624 49
730 929
495 738
551 209
637 789
32 550
141 252
130 79
3 231
277 268
116 356
631 583
801 982
1 474
590 516
993 78
225 164
664 565
604 615
774 590
173 77
358 459
305 221
694 401
676 932
879 671
992 113
617 644
767 46
73 730
861 273
720 651
423 282
154 573
893 928
401 824
457 708
422 598
251 736
622 98
772 1000
556 71
149 375
64 849
11 378
530 678
379 260
397 925
950 331
972 791
529 800
393 14
409 20
848 412
316 642
63 439
29 227
911 197
990 582
517 862
557 589
682 184
816 585
378 310
324 816
138 133
165 372
610 772
212 689
730 178
347 750
555 775
636 808
473 820
327 177
648 112
422 136
818 640
467 338
965 575
535 765
241 989
408 868
460 613
52 623
678 239
610 145
974 694
187 704
713 954
780 347
799 585
396 76
895 144
806 201
456 703
774 889
957 301
64 420
999 182
658 410
685 711
357 626
340 640
362 216
698 542
900 994
559 651
617 582
997 748
474 112
966 244
82 90
308 268
486 184
574 989
988 90
496 876
525 685
270 740
756 24
239 399
738 736
941 317
360 358
374 862
552 612
42 542
828 977
916 1000
507 358
180 640
56 910
733 556
648 754
176 60
122 659
603 448
57 36
268 658
684 135
673 196
82 561
502 686
30 273
158 362
734 773
660 1000
198 343
891 314
786 962
548 805
492 295
40 672
55 791
630 709
801 135
15 632
848 166
721 424
977 966
706 28
212 725
928 14
985 467
967 167
575 735
57 992
62 371
583 983
450 753
273 72
153 658
647 870
835 734
578 916
530 112
434 93
687 954
58 582
322 678
531 422
715 389
443 838
120 697
193 435
255 403
606 57
577 580
772 783
241 491
31 836
162 533
689 780
942 78
473 14
837 156
268 137
353 791
727 701
84 673
585 92
966 323
112 666
591 82
428 86
747 304
231 867
694 345
329 195
806 903
326 701
149 92
359 809
229 398
945 981
828 518
25 855
813 214
773 558
10 133
194 934
376 957
417 141
560 123
51 832
747 192
920 83
958 911
302 947
599 939
894 765
751 92
493 188
989 727
423 145
760 513
337 848
928 477
87 356
271 109
864 559
385 517
557 516
998 670
18 705
75 309
351 632
355 5
215 625
131 500
886 974
84 444
1000 349
360 572
98 371
273 923
492 41
772 395
191 585
505 210
929 688
144 904
296 904
249 901
635 424
193 381
929 545
827 762
426 97
942 281
190 514
865 284
331 708
170 982
838 41
824 970
491 158
40 502
802 662
69 117
456 326
129 288
502 753
576 119
723 136
904 558
652 180
196 264
362 16
948 831
958 254
515 244
205 710
22 388
58 654
338 41
391 49
267 495
270 898
93 817
168 632
853 887
693 706
824 783
107 637
436 605
698 808
951 142
311 917
495 242
560 825
934 696
626 566
490 8
849 349
873 87
867 615
851 616
391 757
711 768
531 614
90 250
881 733
513 712
243 280
337 803
61 745
270 361
753 411
665 40
935 73
539 800
276 826
27 441
941 952
467 893
428 525
801 109
837 871
920 845
133 96
355 976
657 622
886 955
669 991
180 807
928 199
88 868
179 335
90 318
424 358
186 781
835 632
963 591
431 109
473 223
298 147
341 116
762 668
925 663
197 672
761 413
961 163
487 155
913 64
736 749
454 96
434 339
231 150
841 422
607 203
277 410
709 359
729 345
456 275
273 451
295 778
297 453
942 23
547 485
187 498
888 357
997 525
466 71
488 531
729 635
380 513
315 406
317 764
139 196
512 634
250 705
215 433
555 700
813 124
542 586
90 525
860 57
491 710
413 893
827 416
902 306
560 805
82 409
375 572
12 428
286 23
966 949
272 577
732 93
355 560
137 709
323 46
604 165
589 311
440 274
919 906
186 378
522 240
336 419
686 583
157 139
730 895
869 927
56 866
205 191
669 272
734 814
811 35
5 248
105 994
138 987
969 533
34 664
492 316
422 19
226 752
759 286
195 663
506 842
772 878
406 615
710 524
191 419
801 363
234 962
807 789
958 387
660 273
890 317
359 658
131 349
614 908
359 739
861 637
628 792
899 832
226 52
65 370
982 743
587 213
465 933
671 637
66 604
490 368
610 1
724 552
296 969
799 473
31 867
193 80
272 82
457 218
563 826
784 61
583 455
568 282
254 459
736 326
126 56
594 924
963 135
580 607
581 162
267 422
875 909
988 164
260 947
131 567
704 275
962 779
525 347
21 12
611 740
23 594
660 437
988 970
461 70
978 176
451 48
487 950
110 343
368 850
370 128
626 443
100 361
615 442
971 599
157 154
358 673
198 906
290 449
347 144
989 577
228 181
587 966
509 700
458 702
699 980
276 771
246 561
372 756
48 738
211 814
217 813
380 207
200 573
441 821
170 157
816 743
907 560
912 998
985 304
473 452
144 214
184 17
609 816
254 305
668 291
935 753
892 193
753 598
860 871
791 551
484 595
469 225
678 991
256 652
170 334
283 101
526 163
806 115
921 747
278 440
338 623
150 626
394 921
293 149
579 708
549 932
629 342
991 339
558 978
121 103
184 769
451 690
767 504
588 541
387 270
335 76
117 132
447 535
415 53
71 727
93 955
184 905
141 485
509 171
649 764
580 450
547 155
196 459
755 860
902 363
850 56
813 68
690 657
840 254
550 877
789 43
558 360
119 626
551 545
147 487
846 167
295 231
846 568
984 297
215 972
493 298
475 803
794 949
447 137
341 918
660 30
627 421
169 541
446 394
65 988
967 983
527 487
238 241
229 978
964 539
803 927
454 953
811 249
977 912
83 801
355 4
218 301
750 255
722 868
874 911
726 100
70 760
571 933
199 28
825 405
166 175
49 947
106 676
123 270
195 909
397 505
339 854
584 891
773 767
502 273
250 246
808 222
4 451
577 391
301 383
166 619
904 576
612 135
782 609
606 669
221 89
277 359
794 51
120 948
999 78
72 823
810 825
500 903
852 348
357 794
16 814
163 209
3 568
577 963
998 29
362 819
163 190
715 893
564 869
42 949
150 424
409 738
125 112
117 693
533 217
901 517
850 943
500 724
177 735
361 138
635 700
79 551
512 475
196 804
916 53
39 134
96 600
798 945
600 984
86 871
436 914
932 831
419 836
595 735
355 834
30 366
678 682
837 285
259 520
248 909
281 788
32 414
507 252
591 824
740 454
11 188
531 37
221 983
539 510
687 686
320 264
999 712
800 2
549 649
554 17
791 732
994 456
406 698
703 432
288 325
933 187
58 871
277 711
459 812
887 292
337 107
605 531
921 588
259 85
406 388
445 354
2 273
389 667
136 631
807 752
89 569
291 213
808 73
495 605
116 358
481 167
598 650
802 699
412 819
287 161
554 740
791 241
957 745
482 715
344 536
771 893
901 822
684 714
686 136
550 456
948 899
474 762
59 940
980 540
999 336
694 262
915 727
55 472
676 598
99 856
996 554
499 210
906 830
146 585
711 961
358 299
626 603
572 597
157 281
103 637
589 310
294 402
461 131
6 433
872 389
302 1000
945 591
863 585
590 275
424 918
963 895
983 352
511 611
937 600
294 207
892 190
967 812
91 985
810 121
273 668
777 112
138 570
352 900
402 247
830 571
80 485
366 455
393 456
948 158
364 37
420 791
464 979
909 341
549 830
371 777
783 509
398 917
295 971
350 370
463 177
602 571
679 653
495 512
238 216
26 255
767 84
239 527
996 906
74 950
689 998
102 317
26 757
362 198
469 866
243 578
590 614
75 759
154 262
361 262
282 484
534 121
646 615
442 280
998 74
671 944
908 422
358 501
106 82
414 427
881 856
662 157
837 361
628 748
349 481
20 981
383 915
629 983
595 859
375 515
103 528
345 724
641 7
769 74
68 269
661 76
2 603
955 355
205 64
775 180
137 159
509 714
721 983
310 773
756 381
258 864
43 250
856 887
963 61
266 343
622 354
15 368
769 276
533 499
29 84
531 782
507 131
327 339
591 722
399 657
322 113
360 804
364 724
113 92
276 610
152 560
751 649
995 219
778 703
588 90
592 157
403 718
248 675
687 446
184 479
774 536
331 336
301 143
955 926
139 869
446 611
315 453
971 234
623 673
153 513
636 556
292 476
666 705
377 204
808 114
903 155
974 515
810 544
447 897
800 502
240 707
206 472
335 252
706 992
729 513
969 18
771 804
277 179
651 458
672 943
513 493
16 195
89 787
183 169
137 977
950 245
861 294
76 674
387 961
480 271
922 346
302 970
360 309
570 283
51 981
361 173
396 916
327 896
627 134
688 2
293 897
619 589
976 781
259 426
333 384
427 71
545 376
854 738
727 80
664 90
811 221
795 752
940 511
158 324
128 279
147 930
275 217
316 571
725 337
191 405
216 383
146 22
865 854
269 348
921 853
868 478
31 742
268 660
530 195
434 236
754 421
256 792
151 201
506 234
844 694
973 790
154 334
320 122
448 175
179 817
52 545
883 773
518 834
122 301
966 112
839 770
285 477
37 260
19 777
359 378
261 912
504 229
68 430
306 359
533 548
681 369
888 331
211 478
417 611
749 930
384 404
59 18
116 33
724 800
637 705
304 155
55 70
662 234
422 847
828 710
992 74
104 632
699 83
812 210
137 606
546 482
848 332
253 58
418 81
833 886
46 601
124 329
492 677
719 690
865 588
512 476
309 26
994 141
525 806
176 457
712 307
218 36
361 565
113 826
539 802
832 315
445 987
137 26
618 709
785 203
711 544
531 838
454 523
419 980
995 309
545 102
928 362
902 231
548 895
950 575
899 571
540 275
851 934
1000 300
679 164
294 898
441 590
128 727
264 241
28 122
636 775
880 337
787 255
8 246
501 247
35 671
217 288
398 783
420 835
540 76
175 219
240 990
631 802
162 889
14 718
416 617
827 905
793 521
848 684
814 369
284 203
54 570
571 396
240 700
847 491
562 73
33 893
317 548
291 165
979 16
338 120
516 569
197 836
474 763
497 682
467 708
22 273
981 99
461 766
496 693
163 861
976 536
779 7
130 201
941 970
938 170
703 684
318 650
357 96
158 83
731 191
841 595
897 193
954 420
246 952
906 17
160 915
250 940
343 162
327 729
94 764
555 378
294 482
777 772
299 440
473 62
405 492
108 968
473 381
825 16
418 454
129 537
481 858
463 688
741 172
472 899
644 451
882 114
462 822
178 621
485 639
470 269
878 510
458 461
591 799
691 665
412 398
341 16
342 843
991 202
8 3
62 346
669 850
726 941
263 993
692 245
130 746
230 955
880 460
520 13
207 409
173 601
299 802
430 440
680 819
476 398
576 868
486 135
979 952
839 821
770 860
168 246
44 601
357 750
908 242
856 131
949 515
880 825
643 103
383 350
439 472
666 396
705 418
627 561
178 354
805 967
111 576
455 850
25 429
546 729
177 90
384 348
737 98
745 431
563 730
103 301
768 754
767 794
2 822
385 166
979 778
447 288
448 706
656 295
34 135
487 547
200 99
71 928
954 84
883 166
315 658
998 181
546 298
486 409
823 826
312 396
423 392
101 62
68 969
108 782
767 713
788 66
703 438
177 631
143 174
366 29
114 10
11 488
53 93
806 437
44 52
310 197
171 238
264 988
438 398
820 241
89 488
811 928
504 154
715 627
733 359
391 403
639 794
160 12
803 882
461 103
165 277
717 808
701 419
226 773
672 151
66 250
311 668
959 972
473 789
478 6
740 765
696 379
109 986
259 31
190 613
283 389
620 490
92 563
164 128
883 808
684 847
169 302
317 894
546 936
361 566
178 36
70 94
979 608
239 701
911 714
921 436
480 196
813 766
121 214
891 706
984 340
487 387
895 6
485 215
952 690
148 611
844 960
477 233
279 407
671 881
639 13
520 613
49 608
651 461
671 774
383 592
918 165
222 726
581 21
197 796
509 26
382 280
806 382
167 756
404 154
615 250
637 286
214 561
803 500
721 803
315 702
408 76
543 510
232 368
893 101
713 455
953 304
76 385
349 915
208 265
358 579
125 844
881 566
536 503
665 277
801 687
945 517
61 533
557 496
873 811
74 896
130 878
39 450
77 779
705 738
9 59
949 503
916 736
609 850
259 703
920 739
243 716
317 365
462 878
36 969
90 345
367 695
249 504
583 807
325 563
145 213
294 833
212 458
340 7
507 542
459 271
259 123
282 184
201 808
532 884
244 970
279 213
818 937
732 551
753 580
2 186
828 114
885 79
888 733
421 17
103 6
412 809
987 659
328 308
718 609
793 846
81 556
639 33
58 372
19 998
205 707
176 983
763 781
638 363
988 110
150 319
617 684
71 987
992 472
461 955
964 22
590 1000
868 714
171 362
21 772
33 269
785 798
950 496
973 2
846 816
519 250
375 232
820 907
507 400
57 97
51 639
256 441
366 324
756 596
93 997
318 43
159 793
899 570
919 551
612 11
833 290
522 750
705 430
209 665
659 983
754 375
826 856
73 651
770 599
18 976
184 408
851 236
579 753
28 281
446 568
679 538
563 544
433 344
966 194
605 386
23 135
425 652
266 648
303 759
417 812
991 570
634 485
802 697
505 303
879 965
934 654
131 847
37 546
617 622
465 745
597 576
196 367
107 316
399 650
439 869
956 289
315 427
687 435
913 530
372 223
537 96
395 416
162 429
846 410
318 642
588 470
229 451
910 860
747 394
803 396
384 14
19 370
686 475
506 939
492 650
953 360
94 850
569 312
72 352
552 938
517 952
78 915
650 27
100 86
215 871
199 418
695 569
898 861
778 423
247 438
234 815
473 493
75 353
702 222
264 944
930 477
294 92
722 667
192 690
29 257
373 403
900 116
369 878
242 500
460 387
348 640
237 303
95 145
163 972
158 11
79 685
339 784
946 216
359 365
969 649
970 210
575 633
302 247
287 353
849 828
187 309
259 192
443 943
409 243
653 48
137 745
444 995
644 693
796 536
102 707
921 746
953 863
75 745
705 855
746 878
177 89
676 117
325 353
93 965
497 708
295 521
561 435
854 792
323 832
716 793
236 979
93 886
741 698
393 658
395 460
785 708
228 850
871 952
627 172
432 806
159 413
331 678
401 681
163 598
882 290
129 858
1 255
25 921
55 589
217 644
855 234
821 54
34 840
682 876
664 495
367 956
333 764
595 665
764 32
80 689
569 54
273 657
290 529
437 686
441 683
134 390
229 524
268 908
530 315
821 200
15 129
109 38
860 866
187 804
556 619
763 105
411 956
765 571
36 519
368 511
10 757
490 558
365 478
520 91
272 99
632 991
438 689
735 933
921 665
65 931
302 160
641 874
913 13
967 342
383 31
521 377
956 213
723 914
705 355
935 543
50 24
801 688
362 262
993 424
442 414
749 555
606 972
952 691
700 17
903 396
435 635
163 425
366 672
221 227
315 98
101 413
162 755
953 740
628 418
349 351
870 163
138 999
853 863
231 671
324 3
896 388
290 175
564 889
435 987
220 323
827 493
42 623
315 689
408 77
586 604
333 685
815 921
462 691
722 287
940 362
542 50
543 287
358 979
227 12
167 59
61 532
261 50
603 81
324 598
199 362
445 806
583 512
86 56
346 861
440 154
350 893
167 281
631 276
895 746
910 451
269 457
57 919
739 879
118 376
982 465
326 277
146 167
863 54
463 932
930 743
127 331
597 119
909 411
74 468
183 602
705 222
592 218
65 155
239 867
520 853
687 203
926 881
564 572
624 153
180 858
656 508
81 658
172 412
818 57
316 973
540 429
552 85
182 432
239 577
990 267
382 650
443 68
500 19
943 915
399 689
352 26
201 363
609 102
810 951
741 609
228 564
569 976
716 187
720 676
722 78
335 609
194 535
175 968
381 227
111 974
997 937
949 790
842 710
402 699
99 543
634 868
599 986
307 714
989 646
769 44
635 558
678 606
471 308
54 452
350 575
185 805
305 406
412 134
693 51
17 562
380 242
907 71
5 17
423 774
670 285
324 985
754 146
132 148
221 740
445 187
981 985
449 56
892 260
476 791
437 535
494 680
632 825
852 618
502 39
144 601
382 729
244 666
647 789
156 976
505 242
993 583
236 6
537 839
274 359
368 150
117 261
724 275
529 475
714 809
184 520
293 170
445 383
467 155
198 89
184 759
297 440
942 424
647 84
322 797
741 850
903 583
844 678
391 371
602 836
399 868
59 195
22 53
358 125
4 378
92 393
699 403
863 927
558 90
567 747
163 206
861 507
93 785
664 984
2 707
522 410
637 453
419 653
314 320
818 994
889 716
854 590
158 81
480 965
955 457
150 661
275 424
907 298
750 382
987 88
91 143
842 845
937 675
275 452
955 550
258 778
375 780
542 10
57 124
313 234
940 449
464 394
726 342
378 448
640 397
384 587
481 969
725 678
122 973
509 582
899 537
338 869
673 420
14 108
416 971
330 769
955 596
977 622
393 461
485 863
697 671
865 525
22 570
499 827
407 244
856 504
166 654
397 62
970 320
406 308
29 63
965 715
412 733
36 849
790 430
439 308
814 288
326 142
808 153
257 949
459 555
852 66
236 671
19 835
304 327
824 318
974 964
299 97
713 126
382 403
348 7
7 404
724 858
945 83
861 479
301 176
871 810
748 712
101 171
963 256
290 106
755 98
112 928
497 950
302 685
99 966
751 214
807 352
664 210
560 35
604 367
604 820
648 582
133 898
566 376
734 782
346 983
310 570
593 446
441 825
789 623
77 758
481 981
242 382
617 449
282 444
613 861
369 184
429 670
928 3
506 499
605 773
877 125
810 235
830 238
616 278
407 233
568 473
696 142
164 428
517 480
356 736
412 690
51 114
645 119
829 63
689 724
156 655
620 990
740 989
743 494
121 107
467 83
490 336
476 259
296 937
975 235
889 110
230 278
305 941
32 611
567 909
605 378
112 433
121 325
605 235
400 790
534 169
269 490
974 800
946 467
953 747
521 943
349 350
131 535
600 388
513 275
597 117
552 295
555 760
902 367
560 786
133 558
907 894
604 75
864 248
537 6
920 186
43 317
940 69
723 303
814 730
820 659
432 884
146 574
111 26
304 890
247 826
362 524
436 779
509 747
922 398
663 800
342 437
254 641
920 967
953 47
355 810
391 961
313 221
307 911
350 979
425 312
280 469
427 358
360 771
802 358
587 708
95 933
316 566
248 996
815 476
817 803
655 7
772 848
592 237
369 164
316 933
221 758
361 179
428 987
944 4
865 708
386 727
995 73
451 999
602 301
360 688
753 911
93 422
592 267
95 232
558 408
86 485
827 753
240 949
277 528
350 446
779 882
32 929
269 908
787 563
633 819
559 31
687 202
89 545
878 867
131 964
208 752
54 716
470 953
317 793
784 121
608 861
625 657
511 444
672 264
154 769
729 659
110 193
332 708
962 847
876 693
381 113
275 604
868 613
25 133
104 650
637 288
964 16
824 643
199 600
632 160
747 561
240 840
265 134
573 853
538 535
377 60
234 535
740 975
223 417
149 462
545 281
820 917
893 361
252 87
366 276
807 185
939 1
251 937
927 736
513 852
165 457
223 327
122 950
192 680
742 688
451 655
807 876
422 202
243 859
355 181
927 918
51 140
188 371
208 593
191 616
31 711
92 983
563 150
486 763
896 995
549 919
677 162
329 268
183 697
754 599
334 575
562 354
212 95
766 514
417 945
640 780
865 307
974 719
61 334
909 96
550 658
933 362
37 293
206 484
173 165
909 241
555 917
239 612
51 588
406 158
615 969
258 340
82 112
64 747
619 411
415 158
167 553
205 374
150 473
653 462
197 978
716 838
205 455
336 378
965 477
56 521
128 150
189 819
263 376
626 707
967 740
162 141
328 893
332 861
738 824
100 449
964 298
252 4
275 455
501 739
177 985
510 303
238 194
792 202
46 480
996 106
464 395
82 982
874 161
32 335
759 478
76 56
833 403
389 213
385 47
380 390
288 936
170 452
905 143
285 949
217 103
656 73
221 567
97 521
118 161
339 564
928 87
394 799
326 338
808 493
825 465
259 751
672 108
198 152
862 179
60 217
870 750
343 874
514 562
681 3
573 21
266 731
49 157
748 93
876 170
533 647
109 533
148 731
738 199
661 697
567 936
490 396
553 234
22 103
860 99
780 170
546 869
982 821
567 985
707 714
559 309
961 718
301 101
598 773
656 124
90 712
509 130
182 232
979 493
3 487
831 725
861 305
884 97
496 866
427 800
374 839
954 83
132 779
940 98
723 274
465 6
104 706
12 589
362 646
802 804
918 617
40 904
336 501
834 620
686 501
600 886
200 324
350 730
404 342
925 244
454 692
122 524
379 151
977 798
561 607
321 274
13 764
51 441
547 540
215 762
94 505
354 21
475 107
65 789
281 976
564 249
438 413
288 52
952 27
717 805
90 364
8 83
523 628
528 794
820 18
910 774
146 65
592 145
193 250
284 215
288 395
695 963
961 253
140 438
912 423
336 264
620 485
931 530
422 860
17 214
184 705
684 842
466 343
28 498
254 981
698 730
273 509
314 739
487 502
26 223
376 408
616 463
914 638
719 241
758 793
780 91
799 329
654 580
110 824
145 596
993 136
97 435
478 720
597 518
546 760
841 44
788 557
634 863
594 780
957 926
779 354
909 539
589 519
789 197
516 643
295 444
500 846
447 321
52 552
707 853
594 449
651 906
100 160
72 299
520 858
479 982
874 622
471 363
820 946
188 56
932 768
293 542
458 646
778 490
997 230
657 747
929 14
561 904
592 960
369 121
441 852
199 491
629 643
194 100
129 759
350 867
591 803
338 923
941 519
734 517
520 283
212 759
375 325
308 258
469 369
738 138
808 421
607 63
19 446
776 195
27 91
526 51
106 560
982 689
469 482
18 890
94 653
264 390
967 308
516 156
120 731
836 753
265 828
396 18
932 172
116 271
192 215
581 323
840 579
257 877
297 636
487 305
804 117
842 256
664 692
718 407
849 548
524 116
451 320
953 518
132 941
996 684
686 224
301 830
563 535
875 729
915 702
970 575
20 794
827 410
495 248
522 484
225 492
837 301
513 239
774 674
475 100
77 232
168 668
996 790
659 562
168 811
777 899
232 254
621 636
972 304
380 46
732 315
848 280
242 11
82 608
802 425
694 891
878 132
156 366
907 750
123 229
845 306
826 517
138 515
506 441
397 310
604 690
772 454
829 275
668 151
999 711
411 102
783 198
696 216
838 965
187 991
423 759
155 125
433 627
342 525
878 691
735 110
368 136
70 489
428 787
130 292
791 953
60 165
49 700
467 157
503 683
218 809
112 284
990 203
739 128
226 268
32 573
805 862
629 442
386 252
429 58
892 936
574 100
558 233
889 150
249 823
395 199
469 939
901 834
704 444
780 885
270 787
275 635
681 924
186 34
215 173
181 365
542 878
777 678
710 441
424 893
523 143
52 365
181 15
608 277
717 77
206 754
85 483
808 914
254 734
591 709
316 665
469 256
380 272
185 294
385 804
498 871
265 478
734 562
844 54
666 818
282 571
375 412
135 494
327 25
956 719
998 338
26 516
770 568
763 63
13 778
566 734
716 207
311 549
991 71
259 406
635 711
812 826
967 478
497 592
514 563
494 967
188 118
396 75
344 812
400 14
476 313
258 100
4 384
245 500
157 914
231 1
988 412
805 882
704 651
112 407
421 633
687 370
46 110
552 47
277 154
797 851
111 701
607 600
991 825
996 661
724 868
600 426
276 469
651 131
175 797
508 334
146 841
77 223
594 75
923 203
203 649
76 409
556 147
81 53
910 942
877 585
570 19
509 709
937 780
797 264
873 162
470 208
623 10
381 395
54 275
20 167
551 873
30 280
747 806
803 536
74 872
915 178
995 480
354 488
461 388
927 699
531 898
750 301
937 447
911 87
289 492
806 139
130 936
493 900
100 826
174 545
857 225
855 954
934 47
411 530
421 693
813 822
598 152
43 117
326 447
532 638
327 146
956 834
282 817
355 349
504 897
801 619
587 102
182 798
274 685
96 719
500 501
153 786
643 169
738 121
614 652
511 279
662 886
956 23
560 712
942 486
139 471
969 388
128 612
990 274
996 939
978 330
637 583
853 634
362 39
98 621
638 371
754 60
239 268
431 332
519 718
717 136
708 261
573 621
632 23
576 94
414 27
805 682
989 413
793 178
902 508
850 965
764 899
506 895
68 922
533 48
510 563
959 330
559 780
32 280
475 825
39 152
242 996
377 891
609 861
773 259
96 545
902 169
203 398
379 178
786 910
623 159
716 339
844 152
555 215
591 701
321 253
503 237
489 935
18 183
492 258
464 739
851 913
319 687
326 571
90 293
256 767
248 853
692 58
344 424
363 388
865 730
955 899
395 641
394 980
274 382
562 749
155 311
273 190
916 800
277 542
723 962
634 235
374 294
361 901
434 971
499 531
316 491
157 937
32 530
344 996
733 278
550 372
308 839
818 614
24 994
645 576
245 428
454 769
14 529
769 987
595 474
654 878
689 801
238 920
309 560
771 775
168 464
570 365
1000 674
871 142
362 938
880 547
468 888
279 661
230 237
732 103
245 992
671 4
486 458
487 615
862 881
924 672
393 824
211 545
486 421
107 912
971 711
592 752
849 231
355 618
506 514
254 592
423 221
7 930
910 529
103 821
569 401
273 572
649 297
650 242
925 44
472 940
894 915
398 468
241 81
479 235
83 850
726 184
764 107
628 74
937 503
369 245
781 574
32 3
674 974
549 546
700 946
65 77
857 217
216 623
818 908
679 304
437 901
999 907
540 986
881 959
361 839
89 496
488 133
874 655
470 789
715 501
442 627
204 630
995 837
101 798
463 219
320 91
139 561
411 308
322 745
791 41
376 354
141 244
36 30
240 689
560 656
705 473
290 416
269 656
754 902
3 380
832 964
999 104
604 376
966 371
469 825
37 517
900 901
434 672
824 835
457 914
369 788
977 372
775 57
188 757
983 826
414 83
646 814
246 770
141 922
988 771
558 539
630 932
422 729
298 859
853 264
601 674
764 826
859 22
716 693
589 129
60 945
354 594
820 875
199 414
494 174
497 122
962 132
503 36
713 846
350 937
101 877
963 754
412 20
655 200
415 855
115 631
610 613
937 467
973 405
136 78
985 511
415 996
967 187
697 307
557 871
502 6
415 629
808 495
511 988
869 934
819 241
469 296
861 630
383 150
153 559
653 842
161 856
80 648
335 448
176 599
839 816
993 384
576 232
590 370
514 338
143 894
670 225
852 444
853 613
158 613
287 131
185 713
992 823
386 368
595 402
353 771
619 488
196 335
749 869
918 146
222 767
903 330
327 262
306 522
254 172
629 800
150 507
408 198
429 336
491 667
220 379
132 757
461 127
558 343
533 27
372 7
65 687
745 93
731 158
16 665
401 685
312 256
422 51
100 487
160 948
103 748
36 209
734 866
751 64
898 650
871 747
719 124
934 941
741 203
754 70
954 516
994 569
226 687
962 27
731 346
94 398
425 227
299 726
553 767
644 304
848 813
278 448
463 972
911 884
87 600
402 356
558 763
853 453
585 3
981 353
986 711
435 325
249 482
352 677
740 984
376 299
321 638
202 427
390 586
538 993
269 839
607 409
809 338
849 406
352 387
406 160
249 358
193 725
31 221
639 8
344 551
827 146
720 715
430 917
242 545
314 946
286 180
435 898
732 938
276 490
885 426
614 88
851 359
107 565
656 376
909 618
181 307
354 841
85 727
712 63
750 731
987 231
552 584
115 416
197 491
195 24
823 650
973 25
354 683
685 677
63 17
803 678
492 605
68 96
178 716
711 570
488 460
695 637
722 573
786 798
470 479
678 784
91 918
493 982
494 465
152 530
183 898
639 805
530 283
490 876
226 802
248 854
126 859
199 21
549 341
527 235
161 550
484 240
795 163
317 187
529 499
273 189
240 936
518 949
279 948
869 847
670 880
783 563
992 546
930 876
169 269
10 779
18 882
490 435
628 637
847 285
226 473
945 301
999 246
88 490
399 780
736 406
718 618
551 828
107 343
126 241
865 103
448 609
324 323
533 768
690 733
589 201
201 504
497 529
538 985
172 47
979 713
229 426
305 394
414 116
306 677
46 129
572 584
793 141
980 741
731 169
132 604
833 761
523 101
67 33
33 497
968 820
181 41
989 642
422 269
107 783
99 656
426 192
449 353
329 923
275 29
739 576
80 67
885 962
372 811
856 932
532 243
475 546
829 591
687 593
551 6
875 149
94 439
540 821
243 687
463 614
635 241
393 324
178 978
696 107
167 398
924 11
48 798
506 54
560 416
906 418
867 83
759 193
144 253
763 130
377 451
819 148
70 878
680 718
10 973
875 349
913 56
93 312
455 689
44 732
462 933
439 451
125 922
280 738
494 920
762 168
780 319
598 530
196 694
892 827
36 31
476 198
956 216
995 546
413 383
898 285
76 194
178 376
439 99
372 6
689 844
103 182
766 370
803 196
54 862
419 207
723 29
743 102
121 499
162 672
876 517
589 636
77 424
582 435
581 697
436 569
443 94
647 237
195 178
395 308
90 900
272 697
232 333
565 661
384 946
204 275
703 827
7 880
160 937
587 978
366 11
152 317
116 630
1 376
267 685
829 595
540 746
554 828
89 128
291 41
345 46
94 403
96 968
852 539
30 623
325 613
125 691
937 355
166 159
294 928
193 19
527 33
476 614
520 420
829 422
721 519
108 25
683 545
559 242
136 316
526 489
18 832
426 536
791 991
726 752
602 514
939 812
884 680
465 558
852 78
871 354
856 137
451 623
213 532
36 51
463 476
432 256
610 379
634 373
7 400
390 280
653 414
310 67
920 307
370 470
791 496
760 74
455 411
337 48
806 882
932 521
241 476
816 34
409 588
266 463
508 46
116 987
209 143
427 80
212 794
618 357
307 518
164 901
73 936
578 663
134 345
752 654
937 556
111 949
726 374
599 252
322 72
934 859
274 231
367 552
872 134
179 286
273 805
769 952
630 589
425 226
541 212
389 839
161 680
501 191
591 225
477 654
853 83
356 541
30 986
252 606
736 847
829 458
958 310
999 926
814 465
890 59
106 618
452 626
142 466
476 360
59 432
204 703
20 91
654 297
238 662
567 536
170 906
466 626
107 477
408 406
995 634
908 99
106 159
13 321
932 105
914 652
292 776
600 281
840 264
953 751
556 444
757 333
523 155
840 151
16 841
272 483
662 176
594 154
777 650
776 979
525 712
160 644
229 933
914 961
115 50
152 40
184 215
279 849
306 785
401 767
789 932
276 201
567 370
423 426
798 116
542 164
907 281
926 7
52 432
589 247
916 25
511 434
519 140
152 454
669 319
928 615
416 331
811 210
298 931
100 107
13 652
394 414
517 780
220 924
647 761
315 880
119 142
213 453
401 315
591 812
777 32
118 450
941 877
527 468
948 63
899 597
352 774
979 215
448 361
519 911
308 269
458 158
223 466
155 402
908 620
529 353
144 897
677 313
460 599
45 575
136 357
981 147
565 468
973 136
700 381
649 937
247 558
505 59
478 388
537 904
59 476
666 300
807 79
451 662
753 638
348 822
538 354
760 430
80 992
931 785
642 452
475 445
201 534
582 170
305 94
879 856
92 418
40 285
884 902
222 549
101 444
541 911
893 688
470 739
514 61
310 408
828 733
685 196
926 310
374 787
505 992
132 831
423 360
478 535
718 39
812 88
936 881
232 338
989 921
458 796
522 197
462 656
335 642
696 560
953 199
784 96
59 580
319 926
157 47
674 123
313 403
77 856
686 786
47 542
731 487
91 836
244 11
972 971
773 246
264 922
228 427
394 517
144 688
518 330
613 856
725 382
708 524
91 610
844 412
312 885
352 802
961 408
653 578
265 641
412 464
749 25
822 358
18 955
701 342
498 691
209 812
884 314
530 30
296 453
293 196
917 402
839 185
477 920
648 444
98 495
689 609
338 337
909 156
914 562
348 794
19 810
793 643
922 801
11 714
254 468
158 878
934 640
224 135
962 909
101 591
905 926
763 702
486 59
287 62
235 505
771 869
223 956
828 370
305 203
287 975
897 911
736 145
992 11
663 672
888 76
802 772
766 45
676 829
719 889
423 268
908 301
272 698
534 294
662 491
975 656
337 659
717 505
168 778
833 708
800 523
432 911
416 260
197 641
96 636
189 529
171 106
82 579
581 555
886 754
206 608
359 854
661 500
868 40
9 117
228 335
946 654
737 376
198 611
75 500
518 310
702 83
995 167
522 829
706 14
748 917
587 273
143 279
203 8
61 938
78 888
744 884
156 898
393 496
861 707
626 328
114 564
943 429
140 398
553 429
269 238
400 355
274 324
772 219
277 739
294 643
959 308
510 538
676 447
554 799
835 644
256 186
268 441
577 327
425 722
524 842
887 550
946 52
73 160
334 313
205 19
157 768
121 857
927 300
412 879
231 338
201 196
737 10
3 346
121 285
414 256
714 266
429 317
128 808
563 592
551 679
383 923
646 889
833 902
500 741
140 534
129 803
243 189
836 430
34 96
953 142
493 317
793 501
461 351
719 606
